{
 "cells": [
  {
   "cell_type": "markdown",
   "metadata": {},
   "source": [
    "# Stereo Reconstruction\n",
    "## Done by: Projit and Abhinav \n",
    "(Projit generated the 3D point cloud and computed the 2D-3D correspondences and Abhinav generated the disparity map for the stereo pairs)\n",
    "\n",
    "Our objective generate a 3D point cloud reconstruction of a scene from pairs of stero images. The data includes a set of stereo image pairs, from which we calculate the disparity and generate the point cloud from the disparity map."
   ]
  },
  {
   "cell_type": "markdown",
   "metadata": {},
   "source": [
    "As usual, we first load the libraries we would require"
   ]
  },
  {
   "cell_type": "code",
   "execution_count": 1,
   "metadata": {},
   "outputs": [],
   "source": [
    "import cv2\n",
    "import numpy as np\n",
    "import matplotlib.pyplot as plt\n",
    "import open3d as o3d\n",
    "import os"
   ]
  },
  {
   "cell_type": "markdown",
   "metadata": {},
   "source": [
    "A function to generate the .ply file, so that the point cloud can be visualized."
   ]
  },
  {
   "cell_type": "code",
   "execution_count": 2,
   "metadata": {},
   "outputs": [],
   "source": [
    "def create_output(vertices, colors, filename): # taken from github\n",
    "    colors = colors.reshape(-1,3)\n",
    "    vertices = np.hstack([vertices.reshape(-1,3),colors])\n",
    "\n",
    "    ply_header = '''ply\n",
    "        format ascii 1.0\n",
    "        element vertex %(vert_num)d\n",
    "        property float x\n",
    "        property float y\n",
    "        property float z\n",
    "        property uchar red\n",
    "        property uchar green\n",
    "        property uchar blue\n",
    "        end_header\n",
    "        '''\n",
    "    with open(filename, 'w') as f:\n",
    "        f.write(ply_header %dict(vert_num=len(vertices)))\n",
    "        np.savetxt(f,vertices,'%f %f %f %d %d %d')"
   ]
  },
  {
   "cell_type": "markdown",
   "metadata": {},
   "source": [
    "## Loading the given data\n",
    "- We have been given stereo pairs, the K matrix, the baseline and the ground truth poses, which we load into our program.\n",
    "\n",
    "- We construct our 3D point cloud from only one stereo pair, although we can use more by altering the start and end variables. Adjust start and end to change number of pictures and which pictures to select. Ensure start < end."
   ]
  },
  {
   "cell_type": "code",
   "execution_count": 7,
   "metadata": {},
   "outputs": [
    {
     "name": "stdout",
     "output_type": "stream",
     "text": [
      "['0000000460.png']\n"
     ]
    }
   ],
   "source": [
    "lst = os.listdir('./data/img2')\n",
    "start = 0\n",
    "end = 1\n",
    "imgs = sorted(lst)[start:end]\n",
    "print(imgs)"
   ]
  },
  {
   "cell_type": "code",
   "execution_count": 8,
   "metadata": {},
   "outputs": [
    {
     "data": {
      "text/plain": [
       "21"
      ]
     },
     "execution_count": 8,
     "metadata": {},
     "output_type": "execute_result"
    }
   ],
   "source": [
    "pose = np.array([\n",
    "    np.array([[-9.098548e-01,5.445376e-02,-4.113381e-01,-1.872835e+02],[4.117828e-02,9.983072e-01,4.107410e-02,1.870218e+00],[4.128785e-01,2.043327e-02,-9.105569e-01,5.417085e+01]]),\n",
    "    np.array([[-9.283201e-01,4.509830e-02,-3.690366e-01,-1.874227e+02],[3.357747e-02,9.987291e-01,3.758534e-02,1.883289e+00],[3.702626e-01,2.249990e-02,-9.286546e-01,5.369416e+01]]),\n",
    "    np.array([[-9.452512e-01,3.706129e-02,-3.242324e-01,-1.875256e+02],[2.776133e-02,9.990610e-01,3.326342e-02,1.887417e+00],[3.251607e-01,2.244117e-02,-9.453925e-01,5.321309e+01]]),\n",
    "    np.array([[-9.602059e-01,3.410654e-02,-2.772028e-01,-1.876307e+02],[2.674480e-02,9.991831e-01,3.029615e-02,1.893359e+00],[2.780097e-01,2.167680e-02,-9.603337e-01,5.273710e+01]]),\n",
    "    np.array([[-9.729422e-01,3.276894e-02,-2.287129e-01,-1.876915e+02],[2.667847e-02,9.992036e-01,2.967147e-02,1.900316e+00],[2.295031e-01,2.276691e-02,-9.730416e-01,5.225276e+01]]),\n",
    "    np.array([[-9.831529e-01,3.240420e-02,-1.798899e-01,-1.877485e+02],[2.738709e-02,9.991654e-01,3.030454e-02,1.901338e+00],[1.807218e-01,2.486734e-02,-9.832198e-01,5.177232e+01]]),\n",
    "    np.array([[-9.911510e-01,2.523874e-02,-1.303180e-01,-1.877723e+02],[2.111370e-02,9.992343e-01,3.293915e-02,1.900778e+00],[1.310496e-01,2.989617e-02,-9.909249e-01,5.129098e+01]]),\n",
    "    np.array([[-9.966637e-01,1.446740e-02,-8.032513e-02,-1.877414e+02],[1.146235e-02,9.992216e-01,3.774707e-02,1.901606e+00],[8.080871e-02,3.670042e-02,-9.960537e-01,5.080341e+01]]),\n",
    "    np.array([[-9.995040e-01,1.006074e-02,-2.984320e-02,-1.877165e+02],[8.815319e-03,9.990965e-01,4.157437e-02,1.903912e+00],[3.023451e-02,4.129067e-02,-9.986896e-01,5.033042e+01]]),\n",
    "    np.array([[-9.996705e-01,1.307490e-02,2.209183e-02,-1.876828e+02],[1.395603e-02,9.990937e-01,4.021250e-02,1.909578e+00],[-2.154603e-02,4.050756e-02,-9.989469e-01,4.986716e+01]]),\n",
    "    np.array([[-9.970705e-01,2.051987e-02,7.368440e-02,-1.876045e+02],[2.335961e-02,9.990090e-01,3.788635e-02,1.913879e+00],[-7.283396e-02,3.949659e-02,-9.965617e-01,4.940375e+01]]),\n",
    "    np.array([[-9.919546e-01,2.316199e-02,1.244574e-01,-1.875198e+02],[2.767742e-02,9.990153e-01,3.467489e-02,1.916071e+00],[-1.235318e-01,3.784057e-02,-9.916189e-01,4.895472e+01]]),\n",
    "    np.array([[-9.843986e-01,2.362611e-02,1.743596e-01,-1.873856e+02],[2.975169e-02,9.990255e-01,3.260177e-02,1.916040e+00],[-1.734194e-01,3.728062e-02,-9.841422e-01,4.850872e+01]]),\n",
    "    np.array([[-9.745046e-01,2.207656e-02,2.232787e-01,-1.872454e+02],[2.939030e-02,9.991330e-01,2.948581e-02,1.919502e+00],[-2.224342e-01,3.529628e-02,-9.743086e-01,4.808322e+01]]),\n",
    "    np.array([[-9.620042e-01,2.331542e-02,2.720374e-01,-1.870919e+02],[3.162970e-02,9.991557e-01,2.621754e-02,1.921924e+00],[-2.711965e-01,3.382584e-02,-9.619295e-01,4.766758e+01]]),\n",
    "    np.array([[-9.466844e-01,2.747540e-02,3.209888e-01,-1.869050e+02],[3.735473e-02,9.989978e-01,2.465901e-02,1.925132e+00],[-3.199896e-01,3.533474e-02,-9.467619e-01,4.724980e+01]]),\n",
    "    np.array([[-9.303521e-01,3.021656e-02,3.654203e-01,-1.867142e+02],[4.116827e-02,9.989052e-01,2.221412e-02,1.922721e+00],[-3.643491e-01,3.571067e-02,-9.305775e-01,4.684089e+01]]),\n",
    "    np.array([[-9.132370e-01,2.475193e-02,4.066762e-01,-1.864782e+02],[3.739334e-02,9.990320e-01,2.316585e-02,1.917552e+00],[-4.057092e-01,3.636289e-02,-9.132786e-01,4.643056e+01]]),\n",
    "    np.array([[-8.953418e-01,1.994046e-02,4.449332e-01,-1.862433e+02],[3.564541e-02,9.990008e-01,2.695748e-02,1.910636e+00],[-4.439511e-01,3.999598e-02,-8.951580e-01,4.602498e+01]]),\n",
    "    np.array([[-8.776813e-01,1.983338e-02,4.788341e-01,-1.859999e+02],[3.901401e-02,9.987839e-01,3.014110e-02,1.906858e+00],[-4.776541e-01,4.513551e-02,-8.773878e-01,4.562057e+01]]),\n",
    "    np.array([[-8.608718e-01,2.164481e-02,5.083614e-01,-1.857437e+02],[4.407236e-02,9.985119e-01,3.211896e-02,1.904895e+00],[-5.069097e-01,5.005498e-02,-8.605447e-01,4.521752e+01]])\n",
    "])\n",
    "len(pose)"
   ]
  },
  {
   "cell_type": "markdown",
   "metadata": {},
   "source": [
    "- We write a function to convert 3D world points by the pose"
   ]
  },
  {
   "cell_type": "code",
   "execution_count": 9,
   "metadata": {},
   "outputs": [],
   "source": [
    "def make_new_pt(pt_3d, C):\n",
    "    ''' Funtion to convert 3d world points by the pose.\n",
    "    '''\n",
    "    P = np.array([\n",
    "        [C[0][0], C[0][1], C[0][2], C[0][3]],\n",
    "        [C[1][0], C[1][1], C[1][2], C[1][3]],\n",
    "        [C[2][0], C[2][1], C[2][2], C[2][3]],\n",
    "    ])\n",
    "    pt = np.mat([pt_3d[0], pt_3d[1], pt_3d[2], 1]).T\n",
    "    mat = np.matmul(P, pt)\n",
    "    return mat"
   ]
  },
  {
   "cell_type": "markdown",
   "metadata": {},
   "source": [
    "- Attempt to check if poses should be stacked or not\n",
    "- In current form, just applies the pose directly. \n",
    "- 4x4 matrix useful for taking inverses if required"
   ]
  },
  {
   "cell_type": "code",
   "execution_count": 10,
   "metadata": {},
   "outputs": [],
   "source": [
    "combination = []\n",
    "A0 = np.vstack([pose[0], np.array([0, 0, 0, 1])])\n",
    "combination.append(A0)\n",
    "for c in range(1, len(pose)):\n",
    "    A = np.vstack([pose[c], np.array([0, 0, 0, 1])])\n",
    "    combination.append(A)\n",
    "\n",
    "final_output = []\n",
    "final_color = []\n",
    "output_colors = []\n",
    "output_points = []\n",
    "Height = 0\n",
    "Width = 0\n",
    "disparity_map = 0\n",
    "Pixel_Point_Map = {}\n",
    "Pixel_Point_Map_alt = {}\n",
    "Pixel_Point_Map_2 = {}"
   ]
  },
  {
   "cell_type": "markdown",
   "metadata": {},
   "source": [
    "## The main loop\n",
    "### Computing the disparity map\n",
    "- We use cv2.StereoSGBM to generate the disparity map for the stereo pair. \n",
    "- Lot of hyperparameter tuning done to achieve better results. \n",
    "- Disparity map is divided by 16.0 as it is a scaling factor used by StereoSGBM, which must be accounted for."
   ]
  },
  {
   "cell_type": "code",
   "execution_count": 11,
   "metadata": {},
   "outputs": [
    {
     "name": "stdout",
     "output_type": "stream",
     "text": [
      "./img2/0000000460.png ./img3/0000000460.png\n",
      "(370, 1226, 3)\n",
      "(370, 1226, 3)\n",
      "(294374, 3)\n",
      "Length of output Points: 294374 count: 0\n",
      "(294374, 3) (294374, 3)\n"
     ]
    }
   ],
   "source": [
    "def main():\n",
    "    global final_output, final_color, output_colors, output_points, disparity_map\n",
    "    focal_length = 7.070912e+02\n",
    "    k = np.float32([[7.070912e+02, 0.000000e+00, 6.018873e+02], \n",
    "         [0.000000e+00, 7.070912e+02, 1.831104e+02], \n",
    "         [0.000000e+00, 0.000000e+00, 1.000000e+00]])\n",
    "    baseline = 0.53790448812\n",
    "\n",
    "    for count, img in enumerate(imgs):\n",
    "        print('./img2/' + img, './img3/' + img)\n",
    "        iml = cv2.imread('./data/img2/' + img)\n",
    "        imr = cv2.imread('./data/img3/' + img)\n",
    "        window_size = 3\n",
    "        min_disp = 16\n",
    "        num_disp = 112-min_disp\n",
    "        \n",
    "\n",
    "        stereo = cv2.StereoSGBM_create(minDisparity = min_disp,\n",
    "           numDisparities = num_disp+(2) * 16,\n",
    "           blockSize = 7,\n",
    "           P1 = 8*3*window_size**2,\n",
    "           P2 = 32*3*window_size**2,\n",
    "           disp12MaxDiff = 1,\n",
    "           uniquenessRatio = 12,\n",
    "           speckleWindowSize = 400,\n",
    "           speckleRange = 5\n",
    "       )\n",
    "\n",
    "        disparity_map = stereo.compute(iml, imr).astype(np.float32) / 16.0\n",
    "        h, w = iml.shape[:2]\n",
    "        Height = h\n",
    "        Width = w\n",
    "        \n",
    "        # Formation of Q matrix to reproject back into 3d\n",
    "        Q = np.float32([[1, 0, 0, -0.5*w],\n",
    "                        [0,-1, 0,  0.5*h], \n",
    "                        [0, 0, 0, -focal_length], \n",
    "                        [0, 0, -1/baseline,  0]])\n",
    "        \n",
    "        # cv2 way of finding 3d points, overwritten by next part.\n",
    "        points = cv2.reprojectImageTo3D(disparity_map, Q)\n",
    "        colors = cv2.cvtColor(iml, cv2.COLOR_BGR2RGB)\n",
    "        \n",
    "# Hand coding reprojectImageto3D....results weren't as good as cv2 functions\n",
    "# Overwriting colors and points in this process with own implementation\n",
    "\n",
    "        Pixel_Point_Map[count+start] = []\n",
    "        Pixel_Point_Map_alt[count+start] = []\n",
    "        Pixel_Point_Map_2[count+start] = []\n",
    "        for i in range(len(iml)):\n",
    "            for j in range(len(iml[i])):\n",
    "                colors[i][j] = iml[i][j]\n",
    "                # Following the equation: Q x [i j disp[i][j] 1].T = [X Y Z] to recover 3d points\n",
    "                pt_temp = Q @ np.array([i, j, disparity_map[i][j]/16.0, 1]).T\n",
    "                W = pt_temp[3]\n",
    "                to_ap = [pt_temp[0]/W, pt_temp[1]/W, pt_temp[2]/W]\n",
    "                points[i][j] = to_ap\n",
    "                Pixel_Point_Map[count+start].append(([i, j], to_ap))\n",
    "                # Duplicated code(from below), but useful in collecting pixel to world coordinate correspondences for 2nd part.\n",
    "                if disparity_map[i][j] > disparity_map.min():\n",
    "                    Pixel_Point_Map_alt[count+start].append(([i, j], to_ap))\n",
    "                    # This step takes the above project 3d, and transforms them according to the ground truth poses.\n",
    "                    pt_new_temp = np.array(make_new_pt(to_ap, combination[count+start]).T).astype('float32')[0]\n",
    "                    pt_add = [pt_new_temp[0], pt_new_temp[1], pt_new_temp[2]]\n",
    "                    Pixel_Point_Map_2[count+start].append(([i, j], pt_add))\n",
    "\n",
    "\n",
    "        print(points.shape)\n",
    "        print(colors.shape)\n",
    "        # Duplicated code from above\n",
    "        mask = disparity_map > disparity_map.min()\n",
    "        output_points = points[mask]\n",
    "        output_colors = colors[mask]\n",
    "        print(output_points.shape)\n",
    "        for i,pt in enumerate(output_points):\n",
    "            # Transforming 3d points by the ground truth poses.\n",
    "            final_output.append(np.array(make_new_pt(pt, combination[count+start]).T).astype('float32')[0])\n",
    "            final_color.append(output_colors[i])\n",
    "        print(\"Length of output Points:\", len(output_points), \"count:\", count)\n",
    "    final_output = np.array(final_output)\n",
    "    final_color = np.array(final_color)\n",
    "    print(final_output.shape, final_color.shape)\n",
    "    # Constructing .ply file to be viewed by meshlab or o3d.\n",
    "    create_output(final_output, final_color, 'jnrecon_mult.ply')\n",
    "main()"
   ]
  },
  {
   "cell_type": "code",
   "execution_count": 26,
   "metadata": {},
   "outputs": [
    {
     "data": {
      "text/plain": [
       "{0: [([0, 199], [267.12745031601105, 6.1007900561568595, 308.12963425273875]),\n",
       "  ([0, 200], [268.82889904413855, 6.578194919513994, 310.09224338810657]),\n",
       "  ([0, 201], [271.42210385806914, 7.084426854370483, 313.08348689345803]),\n",
       "  ([0, 202], [275.8571055550964, 7.650197054545903, 318.19923014335114]),\n",
       "  ([0, 212], [329.7354464838262, 14.523420970739489, 380.34751728072445]),\n",
       "  ([0, 213], [329.7354464838262, 15.061325451137247, 380.34751728072445]),\n",
       "  ([0, 214], [329.7354464838262, 15.599229931535007, 380.34751728072445]),\n",
       "  ([0, 215], [329.7354464838262, 16.137134411932767, 380.34751728072445]),\n",
       "  ([0, 216], [329.7354464838262, 16.675038892330523, 380.34751728072445]),\n",
       "  ([0, 220], [306.95372472676183, 17.52590597950516, 354.0689615413289]),\n",
       "  ([0, 221], [297.22631795725175, 17.455379194879384, 342.84846628121636]),\n",
       "  ([0, 222], [294.1194226475941, 17.752722084765058, 339.2646844037124]),\n",
       "  ([0, 223], [293.0981746522899, 18.169218004546522, 338.0866820273106]),\n",
       "  ([0, 224], [289.0831311639024, 18.391912096887754, 333.45535761597756]),\n",
       "  ([0, 225], [286.1433027113881, 18.671667387366274, 330.06428618259474]),\n",
       "  ([0, 226], [279.5108420525149, 18.69485240481747, 322.4137894829982]),\n",
       "  ([0, 227], [278.5883640259389, 19.087620373718494, 321.34971757051306]),\n",
       "  ([0, 228], [277.67195493374834, 19.47780434282411, 320.29264613113634]),\n",
       "  ([0, 229], [276.7615550815066, 19.865429728525758, 319.2425063077556]),\n",
       "  ([0, 230], [276.7615550815066, 20.316916767810433, 319.2425063077556]),\n",
       "  ([0, 231], [278.5883640259389, 20.9054889807393, 321.34971757051306]),\n",
       "  ([0, 232], [283.26266543577015, 21.7183446582075, 326.7414913552532]),\n",
       "  ([0, 233], [287.1165792512228, 22.4822117521349, 331.1869538226716]),\n",
       "  ([0, 234], [286.1433027113881, 22.872792549523684, 330.06428618259474]),\n",
       "  ([0, 235], [285.1766023643902, 23.26073428747065, 328.9492041346806]),\n",
       "  ([0, 236], [285.1766023643902, 23.725948973220067, 328.9492041346806]),\n",
       "  ([0, 237], [284.2164117840387, 24.109711929478, 327.841631056786]),\n",
       "  ([0, 238], [283.26266543577015, 24.490899295425475, 326.7414913552532]),\n",
       "  ([0, 239], [281.37424766619836, 24.786638456728728, 324.5632147462182]),\n",
       "  ([0, 240], [281.37424766619836, 25.24565028000148, 324.5632147462182]),\n",
       "  ([0, 241], [280.43944950119436, 25.619264554758374, 323.48493164074904]),\n",
       "  ([0, 242], [280.43944950119436, 26.076751421807632, 323.48493164074904]),\n",
       "  ([0, 243], [280.43944950119436, 26.534238288856887, 323.48493164074904]),\n",
       "  ([0, 244], [275.8571055550964, 26.550683895188723, 318.19923014335114]),\n",
       "  ([0, 245], [272.2976590318048, 26.65229941583734, 314.0934336253724]),\n",
       "  ([0, 246], [272.2976590318048, 27.096504406101296, 314.0934336253724]),\n",
       "  ([0, 247], [273.1788812293188, 27.629837905738604, 315.109917229338]),\n",
       "  ([0, 248], [273.1788812293188, 28.075480452605355, 315.109917229338]),\n",
       "  ([0, 249], [273.1788812293188, 28.521122999472105, 315.109917229338]),\n",
       "  ([0, 250], [275.8571055550964, 29.250753443851984, 318.19923014335114]),\n",
       "  ([0, 256], [312.6380529624426, 36.21093272485061, 360.6257941624646]),\n",
       "  ([0, 257], [310.33924374948344, 36.45093890695401, 357.97413391127003]),\n",
       "  ([0, 258], [312.6380529624426, 37.230958998790065, 360.6257941624646]),\n",
       "  ([0, 259], [314.9711727606698, 38.02262118154904, 363.3170314323338]),\n",
       "  ([0, 260], [329.7354464838262, 40.342836029831915, 380.34751728072445]),\n",
       "  ([0, 261], [329.7354464838262, 40.88074051022967, 380.34751728072445]),\n",
       "  ([0, 262], [329.7354464838262, 41.41864499062743, 380.34751728072445]),\n",
       "  ([0, 263], [329.7354464838262, 41.95654947102519, 380.34751728072445]),\n",
       "  ([0, 264], [329.7354464838262, 42.49445395142295, 380.34751728072445]),\n",
       "  ([0, 265], [329.7354464838262, 43.032358431820704, 380.34751728072445]),\n",
       "  ([0, 266], [329.7354464838262, 43.57026291221847, 380.34751728072445]),\n",
       "  ([0, 267], [329.7354464838262, 44.108167392616224, 380.34751728072445]),\n",
       "  ([0, 268], [329.7354464838262, 44.64607187301399, 380.34751728072445]),\n",
       "  ([0, 269], [329.7354464838262, 45.183976353411744, 380.34751728072445]),\n",
       "  ([0, 270], [329.7354464838262, 45.7218808338095, 380.34751728072445]),\n",
       "  ([0, 271], [329.7354464838262, 46.259785314207264, 380.34751728072445]),\n",
       "  ([0, 272], [302.5529544797831, 42.939815725515714, 348.9927040281916]),\n",
       "  ([0, 273], [300.3995526685392, 43.124242471176906, 346.508770191692]),\n",
       "  ([0, 274], [302.5529544797831, 43.92693792610228, 348.9927040281916]),\n",
       "  ([0, 275], [302.5529544797831, 44.42049902639557, 348.9927040281916]),\n",
       "  ([0, 276], [305.84157355021557, 45.40225643241373, 352.78610298501974]),\n",
       "  ([0, 277], [305.84157355021557, 45.90118232727542, 352.78610298501974]),\n",
       "  ([0, 278], [306.95372472676183, 46.56883588839943, 354.0689615413289]),\n",
       "  ([0, 279], [308.07399379510764, 47.24136283318127, 355.361184028706]),\n",
       "  ([0, 280], [310.33924374948344, 48.09498883556432, 357.97413391127003]),\n",
       "  ([0, 281], [310.33924374948344, 48.60125187593868, 357.97413391127003]),\n",
       "  ([0, 282], [311.48440701055165, 49.28872345843966, 359.2950716747803]),\n",
       "  ([0, 283], [311.48440701055165, 49.796854628114296, 359.2950716747803]),\n",
       "  ([0, 284], [312.6380529624426, 50.49130056000296, 360.6257941624646]),\n",
       "  ([0, 285], [311.48440701055165, 50.813116967463564, 359.2950716747803]),\n",
       "  ([0, 286], [311.48440701055165, 51.3212481371382, 359.2950716747803]),\n",
       "  ([0, 287], [310.33924374948344, 51.63883011818485, 357.97413391127003]),\n",
       "  ([0, 288], [306.95372472676183, 51.57623759682947, 354.0689615413289]),\n",
       "  ([0, 289], [299.3343060278706, 50.78428683017706, 345.2800156874662]),\n",
       "  ([0, 290], [293.0981746522899, 50.204418170457494, 338.0866820273106]),\n",
       "  ([0, 291], [289.0831311639024, 49.98827390436159, 333.45535761597756]),\n",
       "  ([0, 292], [282.3152986617375, 49.27852684633916, 325.6487104477105]),\n",
       "  ([0, 293], [278.5883640259389, 49.08245238956184, 321.34971757051306]),\n",
       "  ([0, 294], [276.7615550815066, 49.212087282029714, 319.2425063077556]),\n",
       "  ([0, 295], [274.0658256488945, 49.17983820779509, 316.13300137618654]),\n",
       "  ([0, 296], [274.0658256488945, 49.626927646047776, 316.13300137618654]),\n",
       "  ([0, 297], [272.2976590318048, 49.75095890956304, 314.0934336253724]),\n",
       "  ([0, 298], [272.2976590318048, 50.195163899826994, 314.0934336253724]),\n",
       "  ([0, 302], [273.1788812293188, 52.14017798340994, 315.109917229338]),\n",
       "  ([0, 303], [265.4474034586777, 51.09754259074057, 306.19171202473416]),\n",
       "  ([0, 304], [258.9333567480353, 50.26601868355008, 298.67780498118236]),\n",
       "  ([0, 305], [258.14151162036546, 50.533411736450006, 297.7644171983653]),\n",
       "  ([0, 306], [258.14151162036546, 50.95452350092042, 297.7644171983653]),\n",
       "  ([0, 307], [258.14151162036546, 51.37563526539084, 297.7644171983653]),\n",
       "  ([0, 308], [256.57226230960333, 51.481873187734436, 295.95429916068525]),\n",
       "  ([0, 309], [255.79477060563485, 51.743150987110475, 295.0574679511074]),\n",
       "  ([0, 310], [257.35449481664483, 52.47848589246428, 296.85659885324833]),\n",
       "  ([0, 311], [257.35449481664483, 52.89831377960399, 296.85659885324833]),\n",
       "  ([0, 312], [257.35449481664483, 53.318141666743706, 296.85659885324833]),\n",
       "  ([0, 313], [251.22700684481993, 52.458494088314765, 289.7885845948377]),\n",
       "  ([0, 314], [249.0037589966357, 52.400464780694946, 287.22408384621076]),\n",
       "  ([0, 315], [246.8195154966652, 52.34345353110355, 284.7045743387879]),\n",
       "  ([0, 316], [246.8195154966652, 52.746095481342806, 284.7045743387879]),\n",
       "  ([0, 317], [329.7354464838262, 71.00339141250417, 380.34751728072445]),\n",
       "  ([0, 318], [329.7354464838262, 71.54129589290193, 380.34751728072445]),\n",
       "  ([0, 319], [329.7354464838262, 72.07920037329968, 380.34751728072445]),\n",
       "  ([0, 320], [329.7354464838262, 72.61710485369744, 380.34751728072445]),\n",
       "  ([0, 321], [329.7354464838262, 73.1550093340952, 380.34751728072445]),\n",
       "  ([0, 322], [329.7354464838262, 73.69291381449297, 380.34751728072445]),\n",
       "  ([0, 323], [329.7354464838262, 74.23081829489072, 380.34751728072445]),\n",
       "  ([0, 324], [329.7354464838262, 74.76872277528848, 380.34751728072445]),\n",
       "  ([0, 325], [329.7354464838262, 75.30662725568624, 380.34751728072445]),\n",
       "  ([0, 326], [329.7354464838262, 75.844531736084, 380.34751728072445]),\n",
       "  ([0, 327], [329.7354464838262, 76.38243621648175, 380.34751728072445]),\n",
       "  ([0, 328], [329.7354464838262, 76.92034069687952, 380.34751728072445]),\n",
       "  ([0, 353], [167.15301841556337, 45.81028889692438, 192.80983054230782]),\n",
       "  ([0, 360], [278.5883640259389, 79.53175155716038, 321.34971757051306]),\n",
       "  ([0, 361], [279.5108420525149, 80.25107373775306, 322.4137894829982]),\n",
       "  ([0, 362], [278.5883640259389, 80.44068586067078, 321.34971757051306]),\n",
       "  ([0, 363], [279.5108420525149, 81.16301775750024, 322.4137894829982]),\n",
       "  ([0, 364], [279.5108420525149, 81.61898976737385, 322.4137894829982]),\n",
       "  ([0, 365], [279.5108420525149, 82.07496177724744, 322.4137894829982]),\n",
       "  ([0, 366], [279.5108420525149, 82.53093378712104, 322.4137894829982]),\n",
       "  ([0, 367], [280.43944950119436, 83.26260980296472, 323.48493164074904]),\n",
       "  ([0, 376], [242.56400660879166, 75.57867090094487, 279.79587478122255]),\n",
       "  ([0, 377], [242.56400660879166, 75.9743707485938, 279.79587478122255]),\n",
       "  ([0, 378], [242.56400660879166, 76.37007059624273, 279.79587478122255]),\n",
       "  ([0, 379], [242.56400660879166, 76.76577044389165, 279.79587478122255]),\n",
       "  ([0, 380], [243.26303832812536, 77.38383764108393, 280.6022029506209]),\n",
       "  ([0, 381], [243.26303832812536, 77.78067783411512, 280.6022029506209]),\n",
       "  ([0, 382], [251.22700684481993, 80.73690105779694, 289.7885845948377]),\n",
       "  ([0, 383], [262.9665866039237, 84.93863645607975, 303.33010723945625]),\n",
       "  ([0, 384], [264.61527993686366, 85.90283965323958, 305.23186339769734]),\n",
       "  ([0, 385], [266.2847769711656, 86.87920945225632, 307.15761647907084]),\n",
       "  ([0, 386], [267.12745031601105, 87.58991437768063, 308.12963425273875]),\n",
       "  ([0, 387], [267.97547396780794, 88.30513171532986, 309.1078235678268]),\n",
       "  ([0, 388], [267.97547396780794, 88.74228583273248, 309.1078235678268]),\n",
       "  ([0, 389], [266.2847769711656, 88.61679364130144, 307.15761647907084]),\n",
       "  ([0, 390], [263.7883571870609, 88.21633478523245, 304.27801382457955]),\n",
       "  ([0, 391], [261.3383105258808, 87.82331479336288, 301.4519022410695]),\n",
       "  ([0, 392], [260.5317108020355, 87.97726612727789, 300.5214951353872]),\n",
       "  ([0, 393], [258.14151162036546, 87.59124700984667, 297.7644171983653]),\n",
       "  ([0, 394], [258.14151162036546, 88.0123587743171, 297.7644171983653]),\n",
       "  ([0, 395], [256.57226230960333, 87.89588105222953, 295.95429916068525]),\n",
       "  ([0, 396], [255.02197673673564, 87.78081091590738, 294.16605566122496]),\n",
       "  ([0, 397], [254.25383825258885, 87.93118060285292, 293.28001332489595]),\n",
       "  ([0, 398], [252.73136017922005, 87.81693265607483, 291.5238455804355]),\n",
       "  ([0, 399], [251.9769382085358, 87.96584792271886, 290.653625145867]),\n",
       "  ([0, 400], [251.9769382085358, 88.37690328684373, 290.653625145867]),\n",
       "  ([0, 401], [251.9769382085358, 88.78795865096858, 290.653625145867]),\n",
       "  ([0, 402], [251.9769382085358, 89.19901401509343, 290.653625145867]),\n",
       "  ([0, 403], [252.73136017922005, 89.87836300011415, 291.5238455804355]),\n",
       "  ([0, 404], [253.49031321279128, 90.56179215921908, 292.39929256416053]),\n",
       "  ([0, 405], [252.73136017922005, 90.70293513772988, 291.5238455804355]),\n",
       "  ([0, 406], [252.73136017922005, 91.11522120653774, 291.5238455804355]),\n",
       "  ([0, 407], [252.73136017922005, 91.5275072753456, 291.5238455804355]),\n",
       "  ([0, 408], [252.73136017922005, 91.93979334415346, 291.5238455804355]),\n",
       "  ([0, 409], [252.73136017922005, 92.35207941296133, 291.5238455804355]),\n",
       "  ([0, 410], [252.73136017922005, 92.76436548176919, 291.5238455804355]),\n",
       "  ([0, 411], [253.49031321279128, 93.4564613149932, 292.39929256416053]),\n",
       "  ([0, 412], [262.9665866039237, 97.3791438158086, 303.33010723945625]),\n",
       "  ([0, 413], [265.4474034586777, 98.7308450058377, 306.19171202473416]),\n",
       "  ([0, 414], [265.4474034586777, 99.16387502779313, 306.19171202473416]),\n",
       "  ([0, 415], [264.61527993686366, 99.28468904645781, 305.23186339769734]),\n",
       "  ([0, 416], [263.7883571870609, 99.40474797750583, 304.27801382457955]),\n",
       "  ([0, 417], [261.3383105258808, 98.90781083524364, 301.4519022410695]),\n",
       "  ([0, 418], [259.7300747687985, 98.72285060543237, 299.5968136118937]),\n",
       "  ([0, 419], [259.7300747687985, 99.14655382691491, 299.5968136118937]),\n",
       "  ([0, 423], [245.38451831354504, 95.27164006300771, 283.0493151856554]),\n",
       "  ([0, 424], [241.17792657102714, 94.03185065330422, 278.19704121104417]),\n",
       "  ([0, 425], [239.80759744278268, 93.88878203306336, 276.6163762041632]),\n",
       "  ([0, 426], [236.44894761865407, 92.95953731826367, 272.74219726572954]),\n",
       "  ([0, 427], [233.82901468105123, 92.3109650127478, 269.720123057799]),\n",
       "  ([0, 428], [233.18307817640746, 92.43635888559056, 268.9750398449322]),\n",
       "  ([0, 429], [230.6346292345888, 91.80236465455084, 266.03542192312966]),\n",
       "  ([0, 430], [230.00619700234196, 91.92743599604205, 265.31052976530094]),\n",
       "  ([0, 431], [229.38118016266168, 92.05182760198169, 264.58957723876483]),\n",
       "  ([0, 432], [229.38118016266168, 92.42602202312796, 264.58957723876483]),\n",
       "  ([0, 433], [229.38118016266168, 92.80021644427423, 264.58957723876483]),\n",
       "  ([0, 434], [251.22700684481993, 102.04816428117482, 289.7885845948377]),\n",
       "  ([0, 435], [251.22700684481993, 102.45799626623977, 289.7885845948377]),\n",
       "  ([0, 436], [251.22700684481993, 102.86782825130474, 289.7885845948377]),\n",
       "  ([0, 437], [251.9769382085358, 103.58595175946334, 290.653625145867]),\n",
       "  ([0, 438], [251.9769382085358, 103.99700712358819, 290.653625145867]),\n",
       "  ([0, 439], [251.9769382085358, 104.40806248771305, 290.653625145867]),\n",
       "  ([0, 440], [251.22700684481993, 104.50715619156458, 289.7885845948377]),\n",
       "  ([0, 441], [249.74045650846006, 104.29617759570273, 288.07385924220546]),\n",
       "  ([0, 442], [249.74045650846006, 104.70358453943595, 288.07385924220546]),\n",
       "  ([0, 443], [249.0037589966357, 104.80092956138989, 287.22408384621076]),\n",
       "  ([0, 444], [249.74045650846006, 105.51839842690238, 288.07385924220546]),\n",
       "  ([0, 445], [251.22700684481993, 106.55631611688938, 289.7885845948377]),\n",
       "  ([0, 446], [253.49031321279128, 107.92980709386383, 292.39929256416053]),\n",
       "  ([0, 447], [254.25383825258885, 108.66966659409181, 293.28001332489595]),\n",
       "  ([0, 448], [257.35449481664483, 110.41473431774484, 296.85659885324833]),\n",
       "  ([0, 449], [262.9665866039237, 113.251515274773, 303.33010723945625]),\n",
       "  ([0, 450], [267.12745031601105, 115.47924034868342, 308.12963425273875]),\n",
       "  ([0, 451], [288.0964993169266, 125.01414162855217, 332.31728472309027]),\n",
       "  ([0, 452], [289.0831311639024, 125.91385974023154, 333.45535761597756]),\n",
       "  ([0, 453], [289.0831311639024, 126.38544722989533, 333.45535761597756]),\n",
       "  ([0, 454], [289.0831311639024, 126.85703471955912, 333.45535761597756]),\n",
       "  ([0, 455], [289.0831311639024, 127.32862220922291, 333.45535761597756]),\n",
       "  ([0, 456], [292.0839941171609, 129.12685547430766, 336.91683191648946]),\n",
       "  ([0, 457], [288.0964993169266, 127.8340094848353, 332.31728472309027]),\n",
       "  ([0, 458], [273.1788812293188, 121.6604152946232, 315.109917229338]),\n",
       "  ([0, 459], [271.42210385806914, 121.32080988109452, 313.08348689345803]),\n",
       "  ([0, 460], [266.2847769711656, 119.45891299685243, 307.15761647907084]),\n",
       "  ([0, 461], [264.61527993686366, 119.14162685574937, 305.23186339769734]),\n",
       "  ([0, 462], [262.9665866039237, 118.82829443603076, 303.33010723945625]),\n",
       "  ([0, 463], [262.9665866039237, 119.2572774484352, 303.33010723945625]),\n",
       "  ([0, 464], [262.1499201858991, 119.31456399978114, 302.3880882728741]),\n",
       "  ([0, 465], [262.1499201858991, 119.74221476680545, 302.3880882728741]),\n",
       "  ([0, 466], [262.1499201858991, 120.16986553382975, 302.3880882728741]),\n",
       "  ([0, 467], [261.3383105258808, 120.22414937732201, 301.4519022410695]),\n",
       "  ([0, 468], [261.3383105258808, 120.65047614816356, 301.4519022410695]),\n",
       "  ([0, 469], [260.5317108020355, 120.70310908283537, 300.5214951353872]),\n",
       "  ([0, 470], [259.7300747687985, 120.75541812252457, 299.5968136118937]),\n",
       "  ([0, 471], [255.79477060563485, 119.3430740509161, 295.0574679511074]),\n",
       "  ([0, 472], [253.49031321279128, 118.68143538673915, 292.39929256416053]),\n",
       "  ([0, 473], [251.22700684481993, 118.03161169870823, 289.7885845948377]),\n",
       "  ([0, 474], [246.09992507247668, 116.02427136369619, 283.8745318480042]),\n",
       "  ([0, 475], [240.49080997110968, 113.772161324016, 277.4044570480497]),\n",
       "  ([0, 476], [239.80759744278268, 113.84014821508933, 276.6163762041632]),\n",
       "  ([0, 477], [237.7810543658014, 113.26601610899512, 274.27877302497313]),\n",
       "  ([0, 478], [237.7810543658014, 113.6539134244369, 274.27877302497313]),\n",
       "  ([0, 479], [238.45275225949013, 114.36396274761842, 275.05357181882897]),\n",
       "  ([0, 480], [239.12825580696742, 115.07803501314093, 275.83276040755084]),\n",
       "  ([0, 481], [239.12825580696742, 115.46813004708378, 275.83276040755084]),\n",
       "  ([0, 482], [239.12825580696742, 115.85822508102663, 275.83276040755084]),\n",
       "  ([0, 483], [239.12825580696742, 116.24832011496947, 275.83276040755084]),\n",
       "  ([0, 484], [239.80759744278268, 116.96977428285811, 276.6163762041632]),\n",
       "  ([0, 485], [239.80759744278268, 117.3609775413292, 276.6163762041632]),\n",
       "  ([0, 486], [239.80759744278268, 117.7521807998003, 276.6163762041632]),\n",
       "  ([0, 487], [239.80759744278268, 118.1433840582714, 276.6163762041632]),\n",
       "  ([0, 488], [238.45275225949013, 117.8649003827496, 275.05357181882897]),\n",
       "  ([0, 489], [237.7810543658014, 117.92078389429629, 274.27877302497313]),\n",
       "  ([0, 490], [234.47853972183194, 116.66550508182503, 270.4693456218485]),\n",
       "  ([0, 491], [234.47853972183194, 117.04801493455233, 270.4693456218485]),\n",
       "  ([0, 492], [234.47853972183194, 117.43052478727962, 270.4693456218485]),\n",
       "  ([0, 493], [234.47853972183194, 117.81303464000692, 270.4693456218485]),\n",
       "  ([0, 494], [234.47853972183194, 118.19554449273421, 270.4693456218485]),\n",
       "  ([0, 495], [234.47853972183194, 118.57805434546151, 270.4693456218485]),\n",
       "  ([0, 496], [234.47853972183194, 118.9605641981888, 270.4693456218485]),\n",
       "  ([0, 497], [234.47853972183194, 119.3430740509161, 270.4693456218485]),\n",
       "  ([0, 498], [234.47853972183194, 119.7255839036434, 270.4693456218485]),\n",
       "  ([0, 499], [234.47853972183194, 120.10809375637069, 270.4693456218485]),\n",
       "  ([0, 500], [234.47853972183194, 120.49060360909797, 270.4693456218485]),\n",
       "  ([0, 501], [234.47853972183194, 120.87311346182527, 270.4693456218485]),\n",
       "  ([0, 502], [234.47853972183194, 121.25562331455257, 270.4693456218485]),\n",
       "  ([0, 503], [234.47853972183194, 121.63813316727986, 270.4693456218485]),\n",
       "  ([0, 504], [234.47853972183194, 122.02064302000716, 270.4693456218485]),\n",
       "  ([0, 505], [234.47853972183194, 122.40315287273445, 270.4693456218485]),\n",
       "  ([0, 506], [234.47853972183194, 122.78566272546175, 270.4693456218485]),\n",
       "  ([0, 507], [234.47853972183194, 123.16817257818904, 270.4693456218485]),\n",
       "  ([0, 508], [234.47853972183194, 123.55068243091634, 270.4693456218485]),\n",
       "  ([0, 509], [234.47853972183194, 123.93319228364363, 270.4693456218485]),\n",
       "  ([0, 510], [234.47853972183194, 124.31570213637093, 270.4693456218485]),\n",
       "  ([0, 511], [234.47853972183194, 124.69821198909823, 270.4693456218485]),\n",
       "  ([0, 512], [234.47853972183194, 125.08072184182552, 270.4693456218485]),\n",
       "  ([0, 513], [234.47853972183194, 125.46323169455282, 270.4693456218485]),\n",
       "  ([0, 514], [234.47853972183194, 125.84574154728011, 270.4693456218485]),\n",
       "  ([0, 515], [230.00619700234196, 123.82062807630155, 265.31052976530094]),\n",
       "  ([0, 516], [228.14128189151216, 123.18884878644458, 263.15936330774446]),\n",
       "  ([0, 517], [228.14128189151216, 123.56102053504411, 263.15936330774446]),\n",
       "  ([0, 518], [228.14128189151216, 123.93319228364363, 263.15936330774446]),\n",
       "  ([0, 519], [228.75955094812872, 124.6422349374796, 263.87253231399853]),\n",
       "  ([0, 520], [228.75955094812872, 125.0154152816038, 263.87253231399853]),\n",
       "  ([0, 521], [229.38118016266168, 125.72932550514572, 264.58957723876483]),\n",
       "  ([0, 522], [230.6346292345888, 126.79261019911326, 266.03542192312966]),\n",
       "  ([0, 523], [231.26650493112191, 127.51725720508843, 266.7642860927821]),\n",
       "  ([0, 524], [232.54070055057713, 128.59918023922617, 268.234061773734]),\n",
       "  ([0, 525], [232.54070055057713, 128.9785288535012, 268.234061773734]),\n",
       "  ([0, 526], [233.18307817640746, 129.71521967072584, 268.9750398449322]),\n",
       "  ([0, 527], [237.11313005578512, 132.28823895445106, 273.5083270333299]),\n",
       "  ([0, 528], [237.11313005578512, 132.67504667069215, 273.5083270333299]),\n",
       "  ([0, 529], [236.44894761865407, 132.68913210573734, 272.74219726572954]),\n",
       "  ([0, 530], [235.78847569793157, 132.7031388512013, 271.9803475526968]),\n",
       "  ([0, 531], [234.47853972183194, 132.34840904364412, 270.4693456218485]),\n",
       "  ([0, 532], [233.82901468105123, 132.36324322075822, 269.720123057799]),\n",
       "  ([0, 533], [234.47853972183194, 133.11342874909872, 270.4693456218485]),\n",
       "  ([0, 534], [235.78847569793157, 134.24172596831667, 271.9803475526968]),\n",
       "  ([0, 535], [236.44894761865407, 135.003477433163, 272.74219726572954]),\n",
       "  ([0, 536], [237.11313005578512, 135.76950840062085, 273.5083270333299]),\n",
       "  ([0, 537], [237.7810543658014, 136.53985503550098, 274.27877302497313]),\n",
       "  ([0, 538], [238.45275225949013, 137.31455391125613, 275.05357181882897]),\n",
       "  ([0, 539], [238.45275225949013, 137.70354698182626, 275.05357181882897]),\n",
       "  ([0, 540], [238.45275225949013, 138.0925400523964, 275.05357181882897]),\n",
       "  ([0, 541], [236.44894761865407, 137.31782276058865, 272.74219726572954]),\n",
       "  ([0, 542], [235.78847569793157, 137.3189002025474, 271.9803475526968]),\n",
       "  ([0, 543], [235.1316832865167, 137.319971642044, 271.2227421277589]),\n",
       "  ([0, 544], [235.1316832865167, 137.70354698182626, 271.2227421277589]),\n",
       "  ([0, 545], [235.1316832865167, 138.08712232160852, 271.2227421277589]),\n",
       "  ([0, 546], [235.1316832865167, 138.47069766139074, 271.2227421277589]),\n",
       "  ([0, 547], [233.82901468105123, 138.08499725047398, 269.720123057799]),\n",
       "  ([0, 548], [233.82901468105123, 138.4664475191217, 269.720123057799]),\n",
       "  ([0, 549], [236.44894761865407, 140.40361653048953, 272.74219726572954]),\n",
       "  ([0, 550], [241.17792657102714, 143.60512756676167, 278.19704121104417]),\n",
       "  ([0, 553], [251.9769382085358, 151.26837399794647, 290.653625145867]),\n",
       "  ([0, 554], [251.9769382085358, 151.67942936207132, 290.653625145867]),\n",
       "  ([0, 555], [243.96611069323555, 147.25523810195295, 281.41319197648977]),\n",
       "  ([0, 556], [251.9769382085358, 152.50154009032101, 290.653625145867]),\n",
       "  ([0, 562], [258.14151162036546, 158.7591352053471, 297.7644171983653]),\n",
