{
 "cells": [
  {
   "cell_type": "code",
   "execution_count": 10,
   "metadata": {},
   "outputs": [],
   "source": [
    "import cv2\n",
    "import numpy as np\n",
    "import matplotlib.pyplot as plt\n",
    "import open3d as o3d\n",
    "import os"
   ]
  },
  {
   "cell_type": "code",
   "execution_count": 11,
   "metadata": {},
   "outputs": [],
   "source": [
    "# Utility Functions\n",
    "\n",
    "def display_image(img):\n",
    "    img2 = cv2.cvtColor(img, cv2.COLOR_BGR2RGB)\n",
    "    plt.imshow(img2)\n",
    "    plt.show()\n",
    "\n",
    "def draw_line(img, A, B):\n",
    "    cv2.line(img, A, B, (0, 255, 0), thickness=3, lineType=8)\n",
    "\n",
    "def add_column(original, newcol):\n",
    "    return np.concatenate([original, newcol], axis=1)\n",
    "\n",
    "def add_row(original, newrow): # didn't use\n",
    "    return np.concatenate([original, newrow], axis=0)\n",
    "\n",
    "def camera_project(P, world_point):\n",
    "    # Convert the points in 3d space to homogeneous coordinates by appending 1, and making it a column vector\n",
    "    homo_point = np.transpose(np.array([world_point[0], world_point[1], world_point[2], 1]))\n",
    "\n",
    "    #Projecting the points into 2d by applying the camera projection matrix\n",
    "    val = np.matmul(P, homo_point)\n",
    "\n",
    "    # Returned pixel coordinates, homogenous(a, b, c) => (a/c, b/c) in pixels.\n",
    "    # int as pixels are integral.\n",
    "    return (int(val[0] / val[2]), int(val[1] / val[2]))\n",
    "\n",
    "def draw_point(image, point, color):\n",
    "    if color == \"green\":\n",
    "        cv2.circle(image, point, 10, (0, 255, 0), thickness=3, lineType=8)\n",
    "    elif color == \"red\":\n",
    "        cv2.circle(image, point, 8, (0, 0, 255), thickness=3, lineType=8)\n",
    "        \n",
    "def create_output(vertices, colors, filename): # taken from github\n",
    "    colors = colors.reshape(-1,3)\n",
    "    vertices = np.hstack([vertices.reshape(-1,3),colors])\n",
    "\n",
    "    ply_header = '''ply\n",
    "        format ascii 1.0\n",
    "        element vertex %(vert_num)d\n",
    "        property float x\n",
    "        property float y\n",
    "        property float z\n",
    "        property uchar red\n",
    "        property uchar green\n",
    "        property uchar blue\n",
    "        end_header\n",
    "        '''\n",
    "    with open(filename, 'w') as f:\n",
    "        f.write(ply_header %dict(vert_num=len(vertices)))\n",
    "        np.savetxt(f,vertices,'%f %f %f %d %d %d')"
   ]
  },
  {
   "cell_type": "code",
   "execution_count": 12,
   "metadata": {},
   "outputs": [
    {
     "name": "stdout",
     "output_type": "stream",
     "text": [
      "['0000000460.png', '0000000461.png', '0000000462.png']\n"
     ]
    }
   ],
   "source": [
    "lst = os.listdir('./data/img2')\n",
    "# Adjust start and end to change number of pictures and which pictures to select. Ensure start < end\n",
    "start = 0\n",
    "end = 3\n",
    "imgs = sorted(lst)[start:end]\n",
    "print(imgs)"
   ]
  },
  {
   "cell_type": "code",
   "execution_count": 14,
   "metadata": {},
   "outputs": [
    {
     "data": {
      "text/plain": [
       "21"
      ]
     },
     "execution_count": 14,
     "metadata": {},
     "output_type": "execute_result"
    }
   ],
   "source": [
    "pose = np.array([\n",
    "    np.array([[-9.098548e-01,5.445376e-02,-4.113381e-01,-1.872835e+02],[4.117828e-02,9.983072e-01,4.107410e-02,1.870218e+00],[4.128785e-01,2.043327e-02,-9.105569e-01,5.417085e+01]]),\n",
    "    np.array([[-9.283201e-01,4.509830e-02,-3.690366e-01,-1.874227e+02],[3.357747e-02,9.987291e-01,3.758534e-02,1.883289e+00],[3.702626e-01,2.249990e-02,-9.286546e-01,5.369416e+01]]),\n",
    "    np.array([[-9.452512e-01,3.706129e-02,-3.242324e-01,-1.875256e+02],[2.776133e-02,9.990610e-01,3.326342e-02,1.887417e+00],[3.251607e-01,2.244117e-02,-9.453925e-01,5.321309e+01]]),\n",
    "    np.array([[-9.602059e-01,3.410654e-02,-2.772028e-01,-1.876307e+02],[2.674480e-02,9.991831e-01,3.029615e-02,1.893359e+00],[2.780097e-01,2.167680e-02,-9.603337e-01,5.273710e+01]]),\n",
    "    np.array([[-9.729422e-01,3.276894e-02,-2.287129e-01,-1.876915e+02],[2.667847e-02,9.992036e-01,2.967147e-02,1.900316e+00],[2.295031e-01,2.276691e-02,-9.730416e-01,5.225276e+01]]),\n",
    "    np.array([[-9.831529e-01,3.240420e-02,-1.798899e-01,-1.877485e+02],[2.738709e-02,9.991654e-01,3.030454e-02,1.901338e+00],[1.807218e-01,2.486734e-02,-9.832198e-01,5.177232e+01]]),\n",
    "    np.array([[-9.911510e-01,2.523874e-02,-1.303180e-01,-1.877723e+02],[2.111370e-02,9.992343e-01,3.293915e-02,1.900778e+00],[1.310496e-01,2.989617e-02,-9.909249e-01,5.129098e+01]]),\n",
    "    np.array([[-9.966637e-01,1.446740e-02,-8.032513e-02,-1.877414e+02],[1.146235e-02,9.992216e-01,3.774707e-02,1.901606e+00],[8.080871e-02,3.670042e-02,-9.960537e-01,5.080341e+01]]),\n",
    "    np.array([[-9.995040e-01,1.006074e-02,-2.984320e-02,-1.877165e+02],[8.815319e-03,9.990965e-01,4.157437e-02,1.903912e+00],[3.023451e-02,4.129067e-02,-9.986896e-01,5.033042e+01]]),\n",
    "    np.array([[-9.996705e-01,1.307490e-02,2.209183e-02,-1.876828e+02],[1.395603e-02,9.990937e-01,4.021250e-02,1.909578e+00],[-2.154603e-02,4.050756e-02,-9.989469e-01,4.986716e+01]]),\n",
    "    np.array([[-9.970705e-01,2.051987e-02,7.368440e-02,-1.876045e+02],[2.335961e-02,9.990090e-01,3.788635e-02,1.913879e+00],[-7.283396e-02,3.949659e-02,-9.965617e-01,4.940375e+01]]),\n",
    "    np.array([[-9.919546e-01,2.316199e-02,1.244574e-01,-1.875198e+02],[2.767742e-02,9.990153e-01,3.467489e-02,1.916071e+00],[-1.235318e-01,3.784057e-02,-9.916189e-01,4.895472e+01]]),\n",
    "    np.array([[-9.843986e-01,2.362611e-02,1.743596e-01,-1.873856e+02],[2.975169e-02,9.990255e-01,3.260177e-02,1.916040e+00],[-1.734194e-01,3.728062e-02,-9.841422e-01,4.850872e+01]]),\n",
    "    np.array([[-9.745046e-01,2.207656e-02,2.232787e-01,-1.872454e+02],[2.939030e-02,9.991330e-01,2.948581e-02,1.919502e+00],[-2.224342e-01,3.529628e-02,-9.743086e-01,4.808322e+01]]),\n",
    "    np.array([[-9.620042e-01,2.331542e-02,2.720374e-01,-1.870919e+02],[3.162970e-02,9.991557e-01,2.621754e-02,1.921924e+00],[-2.711965e-01,3.382584e-02,-9.619295e-01,4.766758e+01]]),\n",
    "    np.array([[-9.466844e-01,2.747540e-02,3.209888e-01,-1.869050e+02],[3.735473e-02,9.989978e-01,2.465901e-02,1.925132e+00],[-3.199896e-01,3.533474e-02,-9.467619e-01,4.724980e+01]]),\n",
    "    np.array([[-9.303521e-01,3.021656e-02,3.654203e-01,-1.867142e+02],[4.116827e-02,9.989052e-01,2.221412e-02,1.922721e+00],[-3.643491e-01,3.571067e-02,-9.305775e-01,4.684089e+01]]),\n",
    "    np.array([[-9.132370e-01,2.475193e-02,4.066762e-01,-1.864782e+02],[3.739334e-02,9.990320e-01,2.316585e-02,1.917552e+00],[-4.057092e-01,3.636289e-02,-9.132786e-01,4.643056e+01]]),\n",
    "    np.array([[-8.953418e-01,1.994046e-02,4.449332e-01,-1.862433e+02],[3.564541e-02,9.990008e-01,2.695748e-02,1.910636e+00],[-4.439511e-01,3.999598e-02,-8.951580e-01,4.602498e+01]]),\n",
    "    np.array([[-8.776813e-01,1.983338e-02,4.788341e-01,-1.859999e+02],[3.901401e-02,9.987839e-01,3.014110e-02,1.906858e+00],[-4.776541e-01,4.513551e-02,-8.773878e-01,4.562057e+01]]),\n",
    "    np.array([[-8.608718e-01,2.164481e-02,5.083614e-01,-1.857437e+02],[4.407236e-02,9.985119e-01,3.211896e-02,1.904895e+00],[-5.069097e-01,5.005498e-02,-8.605447e-01,4.521752e+01]])\n",
    "])\n",
    "len(pose)"
   ]
  },
  {
   "cell_type": "code",
   "execution_count": 15,
   "metadata": {},
   "outputs": [
    {
     "name": "stdout",
     "output_type": "stream",
     "text": [
      "./img2/0000000460.png ./img3/0000000460.png\n",
      "(370, 1226, 3)\n",
      "(370, 1226, 3)\n",
      "Length of output Points: 294374 count: 0\n",
      "./img2/0000000461.png ./img3/0000000461.png\n",
      "(370, 1226, 3)\n",
      "(370, 1226, 3)\n",
      "Length of output Points: 295340 count: 1\n",
      "./img2/0000000462.png ./img3/0000000462.png\n",
      "(370, 1226, 3)\n",
      "(370, 1226, 3)\n",
      "Length of output Points: 281749 count: 2\n",
      "(871463, 3) (871463, 3)\n"
     ]
    }
   ],
   "source": [
    "def make_new_pt(pt_3d, C):\n",
    "    P = np.array([\n",
    "        [C[0][0], C[0][1], C[0][2], C[0][3]],\n",
    "        [C[1][0], C[1][1], C[1][2], C[1][3]],\n",
    "        [C[2][0], C[2][1], C[2][2], C[2][3]],\n",
    "    ])\n",
    "    pt = np.mat([pt_3d[0], pt_3d[1], pt_3d[2], 1]).T\n",
    "    mat = np.matmul(P, pt)\n",
    "    return mat\n",
    "\n",
    "combination = []\n",
    "A0 = np.vstack([pose[0], np.array([0, 0, 0, 1])])\n",
    "combination.append(A0)\n",
    "for c in range(1, len(pose)):\n",
    "    A = np.vstack([pose[c], np.array([0, 0, 0, 1])])\n",
    "    combination.append(A)\n",
    "\n",
    "final_output = []\n",
    "final_color = []\n",
    "output_colors = []\n",
    "output_points = []\n",
    "Height = 0\n",
    "Width = 0\n",
    "disparity_map = 0\n",
    "Pixel_Point_Map = {}\n",
    "def main():\n",
    "    global final_output, final_color, output_colors, output_points, disparity_map\n",
    "    focal_length = 7.070912e+02\n",
    "    k = np.float32([[7.070912e+02, 0.000000e+00, 6.018873e+02], \n",
    "         [0.000000e+00, 7.070912e+02, 1.831104e+02], \n",
    "         [0.000000e+00, 0.000000e+00, 1.000000e+00]])\n",
    "    baseline = 0.53790448812\n",
    "\n",
    "    for count, img in enumerate(imgs):\n",
    "        print('./img2/' + img, './img3/' + img)\n",
    "        iml = cv2.imread('./data/img2/' + img)\n",
    "        imr = cv2.imread('./data/img3/' + img)\n",
    "        window_size = 3\n",
    "        min_disp = 16\n",
    "        num_disp = 112-min_disp\n",
    "        stereo = cv2.StereoSGBM_create(minDisparity = min_disp,\n",
    "           numDisparities = num_disp+(2) * 16,\n",
    "           blockSize = 7,\n",
    "           P1 = 8*3*window_size**2,\n",
    "           P2 = 32*3*window_size**2,\n",
    "           disp12MaxDiff = 1,\n",
    "           uniquenessRatio = 12,\n",
    "           speckleWindowSize = 400,\n",
    "           speckleRange = 5\n",
    "       )\n",
    "        disparity_map = stereo.compute(iml, imr).astype(np.float32) / 16.0\n",
    "        h, w = iml.shape[:2]\n",
    "        Height = h\n",
    "        Width = w\n",
    "        Q = np.float32([[1, 0, 0, -0.5*w],\n",
    "                        [0,-1, 0,  0.5*h], \n",
    "                        [0, 0, 0, -focal_length], \n",
    "                        [0, 0, -1/baseline,  0]])\n",
    "        points = cv2.reprojectImageTo3D(disparity_map, Q)\n",
    "        colors = cv2.cvtColor(iml, cv2.COLOR_BGR2RGB)\n",
    "        \n",
    "# Hand coding reprojectImageto3D....results weren't as good as cv2 functions\n",
    "# Overwriting colors and points in this process with own implementation\n",
    "# \n",
    "# \n",
    "        Pixel_Point_Map[count+start] = []\n",
    "        for i in range(len(iml)):\n",
    "            for j in range(len(iml[i])):\n",
    "                colors[i][j] = iml[i][j]\n",
    "                pt_temp = Q @ np.array([i, j, disparity_map[i][j]/16.0, 1]).T\n",
    "                W = pt_temp[3]\n",
    "                to_ap = [pt_temp[0]/W, pt_temp[1]/W, pt_temp[2]/W]\n",
    "                Pixel_Point_Map[count+start].append(([i, j], to_ap))\n",
    "                points[i][j] = to_ap\n",
    "\n",
    "        print(points.shape)\n",
    "        print(colors.shape)\n",
    "        mask = disparity_map > disparity_map.min()\n",
    "        output_points = points[mask]\n",
    "        output_colors = colors[mask]\n",
    "        for i,pt in enumerate(output_points):\n",
    "            final_output.append(np.array(make_new_pt(pt, combination[count+start]).T).astype('float32')[0])\n",
    "            final_color.append(output_colors[i])\n",
    "        print(\"Length of output Points:\", len(output_points), \"count:\", count)\n",
    "    final_output = np.array(final_output)\n",
    "    final_color = np.array(final_color)\n",
    "    print(final_output.shape, final_color.shape)\n",
    "    create_output(final_output, final_color, 'jnrecon_mult.ply')\n",
    "main()"
   ]
  },
  {
   "cell_type": "code",
   "execution_count": 16,
   "metadata": {},
   "outputs": [],
   "source": [
    "# Pixel_Point_Map\n",
    "# with open('pixel-point-map.txt', 'w') as f:\n",
    "#     print(Pixel_Point_Map[0], file=f) \n",
    "# Dictionary where keys correspond to which image pair we're taking\n",
    "# value is a list of tuples.\n",
    "# Each tuple first element is a list [x, y] of the pixel coordinates\n",
    "# Second element is a list [X, Y, Z] of the 3d world coordinates\n",
    "# Form of the Dictionary:\n",
    "# {0: [([x_p1, y_p1], [X_w1, Y_w1, Z_w1]), ([x_p2, y_p2], [X_w2, Y_w2, Z_w2]), ...]\n",
    "#  1: []...}"
   ]
  },
  {
   "cell_type": "code",
   "execution_count": 17,
   "metadata": {},
   "outputs": [],
   "source": [
    "# No need to use the code below\n",
    "# p3p part\n",
    "#d = (f - Z' * b ) / ( Z' * a)\n",
    "\n",
    "#Ix = X' * ( d * a + b ) + Cx\n",
    "\n",
    "#Iy = Y' * ( d * a + b ) + Cy\n",
    "# Height = 370\n",
    "# Width = 1226\n",
    "# def find_impts(X, Y, Z):\n",
    "#     f = 7.070912e+02\n",
    "#     baseline = 0.53790448812\n",
    "#     a = -1/baseline\n",
    "#     b = 0\n",
    "#     d = (f - Z * b) / (Z * a)\n",
    "#     Ix = X * (d*a + b) + 0.5*Width\n",
    "#     Iy = Y * (d*a + b) + 0.5*Height\n",
    "#     return (int(Iy), int(Ix))\n",
    "# inv_c = []\n",
    "# hold_pts = []\n",
    "# for c in combination:\n",
    "#     inv_c.append(np.linalg.inv(c))\n",
    "# for i, pt in enumerate(final_output):\n",
    "#     pose_num = int(i/304696)\n",
    "#     temp_pt = np.array([pt[0], pt[1], pt[2], 1]).T\n",
    "#     out_pt = np.matmul(inv_c[pose_num], temp_pt)\n",
    "#     hold_pts.append(find_impts(out_pt[0], out_pt[1], out_pt[2]))"
   ]
  },
  {
   "cell_type": "markdown",
   "metadata": {},
   "source": [
    "# Part 2: Recovering the Pose"
   ]
  },
  {
   "cell_type": "code",
   "execution_count": 53,
   "metadata": {},
   "outputs": [
    {
     "name": "stdout",
     "output_type": "stream",
     "text": [
      "1.0\n",
      "-169.3539137873113\n",
      "-169.22519958525294\n",
      "-169.09648538319456\n",
      "-168.9677711811362\n",
      "-168.8390569790778\n",
      "-168.71034277701943\n",
      "-168.58162857496106\n",
      "-168.45291437290268\n",
      "-168.3242001708443\n",
      "-168.19548596878593\n",
      "-168.06677176672756\n",
      "-167.93805756466918\n",
      "-167.8093433626108\n",
      "-167.68062916055243\n",
      "-167.55191495849405\n",
      "-167.42320075643568\n",
      "-167.2944865543773\n",
      "-167.16577235231892\n",
      "-167.03705815026055\n",
      "-166.9083439482022\n",
      "-114.47282878686147\n",
      "-166.65091554408545\n",
      "-138.30672208031447\n",
      "-119.17485791341798\n",
      "-121.97764835032822\n",
      "-118.40319606733485\n",
      "-152.18370737543142\n",
      "-152.0630378110017\n",
      "-139.7592377614795\n",
      "-128.82252660634867\n",
      "-165.49248772556007\n",
      "-106.19594770012313\n",
      "-151.45968998885309\n",
      "-165.10634511938494\n",
      "-164.97763091732656\n",
      "-164.8489167152682\n",
      "-119.00028070353252\n",
      "-164.59148831115144\n",
      "-96.73713209274442\n",
      "-109.45783243027603\n",
      "-101.99418572893822\n",
      "-102.37225048113865\n",
      "-163.94791730085956\n",
      "-88.03790407006068\n",
      "-101.15867778338773\n",
      "-110.95519407191219\n",
      "-110.33368791239823\n",
      "-106.16467956841919\n",
      "-93.28001600918478\n",
      "-90.30766192430065\n",
      "-90.22185245626173\n",
      "-90.13604298822281\n",
      "-86.50825587335012\n",
      "-90.77523563902841\n",
      "-92.33708008553154\n",
      "-93.93462383366904\n",
      "-162.14591847204233\n",
      "-109.26174629273228\n",
      "-107.62365505094417\n",
      "-109.06684781642937\n",
      "-115.98855394511216\n",
      "-115.88693746980292\n",
      "-121.60015674260575\n",
      "-122.09803933048488\n",
      "-132.90484987441326\n",
      "-147.4775943626721\n",
      "-147.35692479824237\n",
      "-160.7300622494002\n",
      "-160.60134804734182\n",
      "-160.47263384528344\n",
      "-146.87424654052347\n",
      "-160.2152054411667\n",
      "-105.26940433970805\n",
      "-159.95777703704996\n",
      "-159.8290628349916\n",
      "-159.7003486329332\n",
      "-132.9247568007663\n",
      "-159.44292022881646\n",
      "-159.3142060267581\n",
      "-159.1854918246997\n",
      "-159.05677762264133\n",
      "-158.92806342058296\n",
      "-158.79934921852458\n",
      "-158.6706350164662\n",
      "-158.54192081440783\n",
      "-158.41320661234946\n",
      "-158.28449241029108\n",
      "-158.1557782082327\n",
      "-158.02706400617433\n",
      "-157.89834980411595\n",
      "-157.76963560205758\n",
      "-157.6409213999992\n",
      "-157.51220719794082\n",
      "-144.09884655863976\n",
      "-132.95516811999178\n",
      "-131.46380019056323\n",
      "-113.43964037592636\n",
      "-115.59920599005281\n",
      "-156.7399219855906\n",
      "-105.16887829037134\n",
      "-105.57852487200537\n",
      "-91.1286054785582\n",
      "-94.04979600754612\n",
      "-89.28535579507601\n",
      "-88.37939596480925\n",
      "-88.29188489258826\n",
      "-91.52901669156418\n",
      "-155.58149416706522\n",
      "-142.28880309219386\n",
      "-105.71698370416439\n",
      "-87.8543295314833\n",
      "-74.20606529774258\n",
      "-154.93792315677334\n",
      "-76.06668684669685\n",
      "-154.68049475265659\n",
      "-76.24803076277692\n",
      "-75.82534771783739\n",
      "-154.29435214648146\n",
      "-76.00606150564369\n",
      "-82.01457540482929\n",
      "-153.90820954030633\n",
      "-67.74111784602819\n",
      "-153.65078113618958\n",
      "-169.54333960128548\n",
      "-169.4146253992271\n",
      "-169.28591119716873\n",
      "-169.15719699511035\n",
      "-169.02848279305198\n",
      "-168.8997685909936\n",
      "-168.77105438893523\n",
      "-168.64234018687685\n",
      "-168.5136259848185\n",
      "-168.38491178276013\n",
      "-168.25619758070175\n",
      "-168.12748337864338\n",
      "-167.998769176585\n",
      "-167.87005497452662\n",
      "-167.74134077246825\n",
      "-167.61262657040987\n",
      "-167.4839123683515\n",
      "-167.35519816629312\n",
      "-167.22648396423475\n",
      "-167.09776976217637\n",
      "-166.969055560118\n",
      "-152.96464189818087\n",
      "-127.19830930630232\n",
      "-125.85262996240235\n",
      "-152.6026332048917\n",
      "-166.32548454982611\n",
      "-152.36129407603224\n",
      "-135.14218754469624\n",
      "-140.64629415673886\n",
      "-117.58339970026782\n",
      "-108.42378965891427\n",
      "-102.02135130858815\n",
      "-151.63727668945387\n",
      "-165.2957709333591\n",
      "-165.16705673130073\n",
      "-49.483023677263674\n",
      "-118.57689604777678\n",
      "-164.78091412512563\n",
      "-110.73333862118287\n",
      "-106.07269915303405\n",
      "-103.07464298663095\n",
      "-110.44191023916389\n",
      "-95.21191099302885\n",
      "-102.32338634450923\n",
      "-100.36815452831974\n",
      "-126.63292896912824\n",
      "-106.3996137341048\n",
      "-98.72800426712624\n",
      "-93.83090538805689\n",
      "-90.43394580028345\n",
      "-90.34813633224454\n",
      "-89.06039978268319\n",
      "-88.57929357862639\n",
      "-90.90222501152508\n",
      "-90.40928773156537\n",
      "-95.35473512143503\n",
      "-104.95640959706733\n",
      "-162.20663008395812\n",
      "-110.35201924335217\n",
      "-111.8445743691087\n",
      "-116.13810064035496\n",
      "-117.74286955539506\n",
      "-119.37994925395935\n",
      "-122.86081701775984\n",
      "-139.41475060184223\n",
      "-147.65518106327292\n",
      "-161.04820226543276\n",
      "-160.9194880633744\n",
      "-160.790773861316\n",
      "-160.66205965925764\n",
      "-147.05183324112429\n",
      "-107.52762641897428\n",
      "-134.2329012554571\n",
      "-160.14720285102413\n",
      "-160.01848864896576\n",
      "-138.8688111551044\n",
      "-159.761060244849\n",
      "-159.63234604279063\n",
      "-159.50363184073225\n",
      "-159.37491763867388\n",
      "-159.2462034366155\n",
      "-159.11748923455713\n",
      "-158.98877503249875\n",
      "-158.86006083044037\n",
      "-158.731346628382\n",
      "-158.60263242632362\n",
      "-158.47391822426525\n",
      "-158.3452040222069\n",
      "-158.2164898201485\n",
      "-158.08777561809015\n",
      "-157.95906141603177\n",
      "-157.8303472139734\n",
      "-144.3971028236703\n",
      "-144.27643325924058\n",
      "-132.43066877158668\n",
      "-130.27177435410022\n",
      "-112.4799075292222\n",
      "-120.46687027720529\n",
      "-95.87973597001641\n",
      "-106.84557058408129\n",
      "-91.7721114303686\n",
      "-93.40041680237871\n",
      "-93.31009104654828\n",
      "-89.00412281086787\n",
      "-88.50818405363023\n",
      "-88.8286034444246\n",
      "-92.94878802322651\n",
      "-142.5870593572244\n",
      "-58.271153109765535\n",
      "-100.8916252421649\n",
      "-82.14803741838975\n",
      "-75.6645364286876\n",
      "-74.91051018809125\n",
      "-76.5280438498313\n",
      "-154.86992056663078\n",
      "-75.68341890259057\n",
      "-75.94373885157125\n",
      "-76.89505737666494\n",
      "-78.21434708757383\n",
      "-81.39254101500362\n",
      "-71.3390655794139\n",
      "-68.15481357870593\n",
      "-153.84020695016378\n",
      "-169.73276541525968\n",
      "-169.6040512132013\n",
      "-169.47533701114293\n",
      "-169.34662280908455\n",
      "-169.21790860702617\n",
      "-169.0891944049678\n",
      "-168.96048020290942\n",
      "-168.83176600085105\n",
      "-168.70305179879267\n",
      "-168.5743375967343\n",
      "-168.44562339467592\n",
      "-168.31690919261754\n",
      "-168.18819499055917\n",
      "-168.0594807885008\n",
      "-167.93076658644242\n",
      "-167.80205238438404\n",
      "-167.67333818232567\n",
      "-167.5446239802673\n",
      "-167.4159097782089\n",
      "-167.28719557615054\n",
      "-167.15848137409216\n",
      "-140.17035190948025\n",
      "-120.14907339734899\n",
      "-129.78180730659753\n",
      "-152.7802199054925\n",
      "-141.88315921226692\n",
      "-152.53888077663305\n",
      "-138.78097361432137\n",
      "-135.19441258720445\n",
      "-115.50766078243092\n",
      "-108.06030521489853\n",
      "-151.93553295448442\n",
      "-165.61391094939168\n",
      "-165.4851967473333\n",
      "-48.40363103887667\n",
      "-71.3738112496937\n",
      "-118.72644274301959\n",
      "-97.52824128723688\n",
      "-114.06951595157028\n",
      "-102.35781498028632\n",
      "-102.26560182060271\n",
      "-106.5172480104537\n",
      "-93.2219064589124\n",
      "-101.52122480482112\n",
      "-102.36701145486788\n",
      "-107.13394727602432\n",
      "-106.04345340164988\n",
      "-93.6251032590477\n",
      "-93.53759218682671\n",
      "-90.56022967626623\n",
      "-90.47442020822731\n",
      "-86.83837999042768\n",
      "-91.9373366797017\n",
      "-93.10003682572176\n",
      "-91.35220781788732\n",
      "-162.65348430204907\n",
      "-106.08516488888199\n",
      "-105.49394204770385\n",
      "-109.9720804019295\n",
      "-116.38926381090698\n",
      "-116.28764733559774\n",
      "-122.61922433968496\n",
      "-120.71293504403278\n",
      "-126.75470582006886\n",
      "-147.95343732830344\n",
      "-147.83276776387373\n",
      "-161.23762807940693\n",
      "-161.10891387734856\n",
      "-160.98019967529018\n",
      "-160.8514854732318\n",
      "-147.2294199417251\n",
      "-104.65500708823336\n",
      "-160.46534286705668\n",
      "-160.3366286649983\n",
      "-160.20791446293993\n",
      "-134.75566493607195\n",
      "-159.95048605882317\n",
      "-159.8217718567648\n",
      "-159.69305765470645\n",
      "-159.56434345264807\n",
      "-159.4356292505897\n",
      "-159.30691504853132\n",
      "-159.17820084647295\n",
      "-159.04948664441457\n",
      "-158.9207724423562\n",
      "-158.79205824029782\n",
      "-158.66334403823944\n",
      "-158.53462983618107\n",
      "-158.4059156341227\n",
      "-158.27720143206432\n",
      "-158.14848723000594\n",
      "-158.01977302794756\n",
      "-144.57468952427112\n",
      "-144.4540199598414\n",
      "-131.9100119092505\n",
      "-117.26896044841678\n",
      "-113.7407145173423\n",
      "-121.84443151299777\n",
      "-101.59687205307492\n",
      "-105.45570602131019\n",
      "-91.05825014442908\n",
      "-94.40807776990383\n",
      "-91.30161119098932\n",
      "-88.72448321467218\n",
      "-88.63697214245119\n",
      "-89.36838022162755\n",
      "-93.95379235087427\n",
      "-142.76464605782522\n",
      "-107.66064704922584\n",
      "-89.01634137839096\n",
      "-77.23441901916553\n",
      "-155.44548898678008\n",
      "-76.38391549045107\n",
      "-78.03795881224065\n",
      "-155.05934638060495\n",
      "-75.8015025268862\n",
      "-154.8019179764882\n",
      "-80.21241049963214\n",
      "-81.60002363415529\n",
      "-154.41577537031307\n",
      "-69.87864920492815\n",
      "-69.80180490519182\n",
      "-170.05090543129222\n",
      "-169.92219122923385\n",
      "-169.79347702717547\n",
      "-169.6647628251171\n",
      "-169.53604862305872\n",
      "-169.40733442100034\n",
      "-169.27862021894197\n",
      "-169.1499060168836\n",
      "-169.02119181482522\n",
      "-168.89247761276684\n",
      "-168.76376341070846\n",
      "-168.6350492086501\n",
      "-168.5063350065917\n",
      "-168.37762080453334\n",
      "-168.248906602475\n",
      "-168.1201924004166\n",
      "-167.99147819835824\n",
      "-167.86276399629986\n",
      "-167.73404979424149\n",
      "-167.6053355921831\n",
      "-136.3538565721503\n",
      "-153.4404848638122\n",
      "-130.15418582167328\n",
      "-129.40603203511384\n",
      "-153.078476170523\n",
      "-152.95780660609327\n",
      "-152.83713704166357\n",
      "-135.57880331244397\n",
      "-138.94689403532064\n",
      "-121.4317096584181\n",
      "-113.48463904345977\n",
      "-109.21177427305204\n",
      "-152.1131196550852\n",
      "-165.80333676336585\n",
      "-165.67462256130747\n",
      "-48.49259815307197\n",
      "-112.89623126262148\n",
      "-117.73842839618223\n",
      "-109.56232065650391\n",
      "-109.9805761632617\n",
      "-102.9655720471549\n",
      "-101.93234510492778\n",
      "-101.37449761650359\n",
      "-107.0595830408237\n",
      "-100.72855630110561\n",
      "-106.86948206547595\n",
      "-103.35992262887251\n",
      "-101.38071281039188\n",
      "-93.75389134786869\n",
      "-91.58764800922805\n",
      "-90.68651355224901\n",
      "-89.39598049673722\n",
      "-88.12660372082408\n",
      "-91.65261401492324\n",
      "-92.39277040798197\n",
      "-93.98639739697887\n",
      "-105.33007769277785\n",
      "-107.7338572253943\n",
      "-110.73873606621444\n",
      "-109.07640849799864\n",
      "-116.53881050614976\n",
      "-116.43719403084052\n",
      "-119.78872710362921\n",
      "-125.13040456189447\n",
      "-134.8881688317281\n",
      "-148.13102402890422\n",
      "-161.55576809543948\n",
      "-161.4270538933811\n",
      "-161.29833969132275\n",
      "-161.16962548926438\n",
      "-147.5276762067556\n",
      "-160.91219708514762\n",
      "-160.78348288308925\n",
      "-160.65476868103087\n",
      "-160.5260544789725\n",
      "-146.92432838460698\n",
      "-160.26862607485575\n",
      "-160.13991187279737\n",
      "-160.011197670739\n",
      "-159.88248346868062\n",
      "-159.75376926662224\n",
      "-159.62505506456387\n",
      "-159.4963408625055\n",
      "-159.36762666044712\n",
      "-159.23891245838874\n",
      "-159.11019825633036\n",
      "-158.981484054272\n",
      "-158.8527698522136\n",
      "-158.72405565015524\n",
      "-158.59534144809686\n",
      "-158.46662724603848\n",
      "-158.3379130439801\n",
      "-158.20919884192173\n",
      "-144.7522762248719\n",
      "-132.87852097453379\n",
      "-129.3726066663509\n",
      "-113.43524269995109\n",
      "-119.0842854252258\n",
      "-157.4369136295715\n",
      "-104.6879959642732\n",
      "-96.96073344510185\n",
      "-95.51905841897965\n",
      "-95.42766371929324\n",
      "-90.59249162930408\n",
      "-88.85327130349316\n",
      "-89.17467105579286\n",
      "-95.06208492054756\n",
      "-96.76879249895529\n",
      "-142.942232758426\n",
      "-102.23926732193493\n",
      "-83.61042772375077\n",
      "-75.98012140071253\n",
      "-75.22446843345625\n",
      "-76.50230662418491\n",
      "-155.3774863966375\n",
      "-76.34141387161196\n",
      "-76.26096749532547\n",
      "-76.86822463275124\n",
      "-81.0670827059918\n",
      "-82.09657150605702\n",
      "-71.32727131715812\n",
      "-68.75861028506142\n",
      "-81.10142497897269\n",
      "-170.24033124526642\n",
      "-170.11161704320804\n",
      "-169.9829028411497\n",
      "-169.85418863909132\n",
      "-169.72547443703294\n",
      "-169.59676023497457\n",
      "-169.4680460329162\n",
      "-169.33933183085782\n",
      "-169.21061762879944\n",
      "-169.08190342674106\n",
      "-168.9531892246827\n",
      "-168.8244750226243\n",
      "-168.69576082056594\n",
      "-168.56704661850756\n",
      "-168.43833241644919\n",
      "-168.3096182143908\n",
      "-168.18090401233243\n",
      "-122.22494322670784\n",
      "-167.92347560821568\n",
      "-167.7947614061573\n",
      "-142.17547962724623\n",
      "-137.7893085577247\n",
      "-125.91075173557869\n",
      "-140.3902529432297\n",
      "-153.25606287112382\n",
      "-143.06854883462339\n",
      "-153.01472374226435\n",
      "-136.42848622131535\n",
      "-132.2718403557453\n",
      "-115.89935145510495\n",
      "-112.03651240265299\n",
      "-152.41137592011574\n",
      "-144.49139972577302\n",
      "-165.99276257734007\n",
      "-49.25508624029054\n",
      "-50.23170308463932\n",
      "-113.57626080598592\n",
      "-107.2699517932073\n",
      "-116.66294862367388\n",
      "-103.66974629909171\n",
      "-102.15958797352246\n",
      "-106.39531437495273\n",
      "-96.12211373099004\n",
      "-102.35259159289998\n",
      "-101.79183311049852\n",
      "-105.03756980739658\n",
      "-102.07595211384916\n",
      "-96.11302155070538\n",
      "-94.30612696349843\n",
      "-90.8986068962707\n",
      "-90.81279742823179\n",
      "-87.55529583062346\n",
      "-90.23726705588757\n",
      "-93.44512407558469\n",
      "-92.93804107397571\n",
      "-94.9714308931043\n",
      "-104.97827728807152\n",
      "-104.39583663019928\n",
      "-111.41189460576865\n",
      "-115.10957474826498\n",
      "-116.68835720139256\n",
      "-123.03497792057789\n",
      "-119.35562549242584\n",
      "-125.9143054296573\n",
      "-138.5898687927409\n",
      "-148.30861072950503\n",
      "-161.7451939094137\n",
      "-161.61647970735532\n",
      "-161.48776550529695\n",
      "-161.35905130323857\n",
      "-147.7052629073564\n",
      "-108.05365784839384\n",
      "-135.54423120329128\n",
      "-160.84419449500507\n",
      "-147.2225846496375\n",
      "-147.10191508520776\n",
      "-160.45805188882994\n",
      "-160.32933768677157\n",
      "-160.2006234847132\n",
      "-160.07190928265481\n",
      "-159.94319508059644\n",
      "-159.81448087853806\n",
      "-159.6857666764797\n",
      "-159.55705247442134\n",
      "-159.42833827236296\n",
      "-159.2996240703046\n",
      "-159.1709098682462\n",
      "-159.04219566618784\n",
      "-158.91348146412946\n",
      "-158.78476726207109\n",
      "-158.6560530600127\n",
      "-158.52733885795433\n",
      "-145.05053248990242\n",
      "-144.9298629254727\n",
      "-133.0456613986287\n",
      "-121.25673514459646\n",
      "-114.14407809085756\n",
      "-120.4381426974054\n",
      "-99.12318464184585\n",
      "-104.83051068325065\n",
      "-93.54501778269079\n",
      "-96.10111213937367\n",
      "-94.2360703298385\n",
      "-89.4793443863094\n",
      "-88.98205939231414\n",
      "-89.30382501986614\n",
      "-96.99739610329007\n",
      "-135.06623910114183\n",
      "-83.52426306423732\n",
      "-96.7199283623259\n",
      "-82.22922741063101\n",
      "-78.52238787870405\n",
      "-76.01786955319906\n",
      "-76.96480101577234\n",
      "-155.56691221061172\n",
      "-76.11790720013713\n",
      "-76.03766977547738\n",
      "-81.27344379747237\n",
      "-81.93104482763795\n",
      "-154.92334120031984\n",
      "-70.49427339048066\n",
      "-68.56581602233106\n",
      "-170.558471261299\n",
      "-170.42975705924061\n",
      "-170.30104285718224\n",
      "-170.17232865512386\n",
      "-170.0436144530655\n",
      "-169.9149002510071\n",
      "-169.78618604894874\n",
      "-169.65747184689036\n",
      "-169.52875764483198\n",
      "-169.4000434427736\n",
      "-169.27132924071523\n",
      "-169.14261503865686\n",
      "-169.01390083659848\n",
      "-168.8851866345401\n",
      "-168.75647243248173\n",
      "-168.62775823042335\n",
      "-168.49904402836498\n",
      "-168.3703298263066\n",
      "-168.24161562424823\n",
      "-168.11290142218988\n",
      "-145.41794750124174\n",
      "-143.0747704605094\n",
      "-131.8760944609914\n",
      "-134.41969860762245\n",
      "-153.55431913615436\n",
      "-153.43364957172463\n",
      "-143.23755327831785\n",
      "-130.68618509886235\n",
      "-135.90469718594792\n",
      "-126.66937613100836\n",
      "-118.27636448824575\n",
      "-152.70963218514626\n",
      "-152.58896262071656\n",
      "-166.31090259337262\n",
      "-62.88410380870094\n",
      "-48.52805196371368\n",
      "-50.74321466452574\n",
      "-116.45392342535072\n",
      "-109.941809127537\n",
      "-116.81055315404339\n",
      "-103.33029000883639\n",
      "-102.29489212636116\n",
      "-105.06429529079793\n",
      "-107.9362689428066\n",
      "-100.16978273228031\n",
      "-101.92713726333724\n",
      "-104.20689112382871\n",
      "-101.74325983182527\n",
      "-94.52304061079337\n",
      "-92.75431316434063\n",
      "-91.02489077225351\n",
      "-89.73156121079128\n",
      "-87.67883440495444\n",
      "-92.40721868687984\n",
      "-93.99648251146365\n",
      "-95.19020912762525\n",
      "-104.72280313124142\n",
      "-105.60898686672758\n",
      "-109.04023279015416\n",
      "-108.43053750489116\n",
      "-116.93952037194455\n",
      "-115.71366367508872\n",
      "-123.19013899687073\n",
      "-125.5519125176094\n",
      "-129.9283945357983\n",
      "-148.60686699453558\n",
      "-148.48619743010585\n",
      "-161.93461972338787\n",
      "-161.8059055213295\n",
      "-161.67719131927112\n",
      "-161.54847711721274\n",
      "-147.8828496079572\n",
      "-115.72012266823364\n",
      "-161.16233451103764\n",
      "-161.03362030897927\n",
      "-147.4001713502383\n",
      "-160.77619190486251\n",
      "-160.64747770280414\n",
      "-160.51876350074576\n",
      "-160.3900492986874\n",
      "-160.261335096629\n",
      "-160.13262089457064\n",
      "-160.00390669251226\n",
      "-159.87519249045388\n",
      "-159.7464782883955\n",
      "-159.61776408633713\n",
      "-159.48904988427876\n",
      "-159.36033568222038\n",
      "-159.231621480162\n",
      "-159.10290727810363\n",
      "-158.97419307604525\n",
      "-158.84547887398688\n",
      "-158.7167646719285\n",
      "-145.22811919050324\n",
      "-134.72264890472152\n",
      "-130.48260397022028\n",
      "-116.09825330196253\n",
      "-115.99493755449092\n",
      "-121.20045713896127\n",
      "-104.56911144313992\n",
      "-102.01652308711002\n",
      "-96.32768069678559\n",
      "-96.68663046524625\n",
      "-90.94153403389325\n",
      "-89.60849835038269\n",
      "-89.52073866716108\n",
      "-156.91476584311127\n",
      "-97.13351046063681\n",
      "-156.65733743899452\n",
      "-103.60375492770211\n",
      "-86.66429572170571\n",
      "-79.43416527818738\n",
      "-75.87617674775876\n",
      "-76.81953526793913\n",
      "-155.88505222664426\n",
      "-76.65864251536618\n",
      "-75.89555859431763\n",
      "-76.15575339977298\n",
      "-83.26709767237966\n",
      "-81.31282430249885\n",
      "-71.31553617401143\n",
      "-70.29476361924513\n",
      "-83.30795567703996\n",
      "-170.74789707527316\n",
      "-170.61918287321478\n",
      "-170.4904686711564\n",
      "-170.36175446909803\n",
      "-170.23304026703966\n",
      "-170.10432606498128\n",
      "-169.9756118629229\n",
      "-169.84689766086453\n",
      "-169.71818345880618\n",
      "-169.5894692567478\n",
      "-169.46075505468943\n",
      "-169.33204085263105\n",
      "-169.20332665057268\n",
      "-169.0746124485143\n",
      "-168.94589824645593\n",
      "-168.81718404439755\n",
      "-168.68846984233917\n",
      "-129.34923712600477\n",
      "-168.43104143822242\n",
      "-154.33525365890378\n",
      "-141.89779385362263\n",
      "-133.4621771820118\n",
      "-130.73501219165743\n",
      "-143.75107157138785\n",
      "-153.73190583675515\n",
      "-145.7622856605839\n",
      "-142.67108584156034\n",
      "-130.19870301641419\n",
      "-130.73695439105677\n",
      "-119.6640629565222\n",
      "-166.8864710135219\n",
      "-152.88721888574705\n",
      "-152.7665493213173\n",
      "-166.50032840734679\n",
      "-50.745865954719534\n",
      "-49.023855883872955\n",
      "-51.472540747552586\n",
      "-110.69639119933498\n",
      "-115.94729766223602\n",
      "-165.72804319499656\n",
      "-105.38928017668226\n",
      "-105.29566984791254\n",
      "-107.6693350502066\n",
      "-107.57428456253271\n",
      "-101.68753968643657\n",
      "-102.5317945248809\n",
      "-101.97050270041993\n",
      "-99.5757866535105\n",
      "-94.65219457486668\n",
      "-92.46730205002538\n",
      "-91.15117464823632\n",
      "-89.0621293558111\n",
      "-90.17209490711892\n",
      "-92.95099407854374\n",
      "-93.70270025322665\n",
      "-99.30406714969118\n",
      "-103.89151491636662\n",
      "-105.25633352876756\n",
      "-111.79984301086935\n",
      "-110.12222948554879\n",
      "-117.0890670671873\n",
      "-125.2985409652791\n",
      "-121.53601476836806\n",
      "-126.33727695466294\n",
      "-130.08960799449974\n",
      "-148.78445369513636\n",
      "-162.25275973942044\n",
      "-162.12404553736206\n",
      "-161.9953313353037\n",
      "-161.8666171332453\n",
      "-161.73790293118694\n",
      "-148.060436308558\n",
      "-135.2918528809408\n",
      "-161.3517603250118\n",
      "-147.69842761526883\n",
      "-147.5777580508391\n",
      "-160.96561771883668\n",
      "-160.8369035167783\n",
      "-160.70818931471993\n",
      "-160.57947511266156\n",
      "-160.45076091060318\n",
      "-160.3220467085448\n",
      "-160.19333250648643\n",
      "-160.06461830442805\n",
      "-159.93590410236968\n",
      "-159.8071899003113\n",
      "-159.67847569825292\n",
      "-159.54976149619458\n",
      "-159.42104729413617\n",
      "-159.29233309207783\n",
      "-159.16361889001945\n",
      "-159.03490468796107\n",
      "-145.52637545553375\n",
      "-145.40570589110402\n",
      "-133.4935136015758\n",
      "-122.90489823310628\n",
      "-116.82553953906242\n",
      "-120.25391943200884\n",
      "-101.86332566151097\n",
      "-105.21237839234661\n",
      "-95.21549837842514\n",
      "-96.91387333384094\n",
      "-94.5933014125412\n",
      "-89.82541199767763\n",
