{
 "cells": [
  {
   "cell_type": "code",
   "execution_count": 2,
   "metadata": {},
   "outputs": [],
   "source": [
    "import cv2\n",
    "import numpy as np\n",
    "import matplotlib.pyplot as plt\n",
    "import open3d as o3d\n",
    "import os"
   ]
  },
  {
   "cell_type": "code",
   "execution_count": 3,
   "metadata": {},
   "outputs": [],
   "source": [
    "# Utility Functions\n",
    "\n",
    "def display_image(img):\n",
    "    img2 = cv2.cvtColor(img, cv2.COLOR_BGR2RGB)\n",
    "    plt.imshow(img2)\n",
    "    plt.show()\n",
    "\n",
    "def draw_line(img, A, B):\n",
    "    cv2.line(img, A, B, (0, 255, 0), thickness=3, lineType=8)\n",
    "\n",
    "def add_column(original, newcol):\n",
    "    return np.concatenate([original, newcol], axis=1)\n",
    "\n",
    "def add_row(original, newrow): # didn't use\n",
    "    return np.concatenate([original, newrow], axis=0)\n",
    "\n",
    "def camera_project(P, world_point):\n",
    "    # Convert the points in 3d space to homogeneous coordinates by appending 1, and making it a column vector\n",
    "    homo_point = np.transpose(np.array([world_point[0], world_point[1], world_point[2], 1]))\n",
    "\n",
    "    #Projecting the points into 2d by applying the camera projection matrix\n",
    "    val = np.matmul(P, homo_point)\n",
    "\n",
    "    # Returned pixel coordinates, homogenous(a, b, c) => (a/c, b/c) in pixels.\n",
    "    # int as pixels are integral.\n",
    "    return (int(val[0] / val[2]), int(val[1] / val[2]))\n",
    "\n",
    "def compute_homography(lstpts): # Calculates homography matrix b/w initial and final points\n",
    "    x1 = lstpts[0][0][0]\n",
    "    x2 = lstpts[1][0][0]\n",
    "    x3 = lstpts[2][0][0]\n",
    "    x4 = lstpts[3][0][0]\n",
    "    y1 = lstpts[0][0][1]\n",
    "    y2 = lstpts[1][0][1]\n",
    "    y3 = lstpts[2][0][1]\n",
    "    y4 = lstpts[3][0][1]\n",
    "    x1f = lstpts[0][1][0]\n",
    "    x2f = lstpts[1][1][0]\n",
    "    x3f = lstpts[2][1][0]\n",
    "    x4f = lstpts[3][1][0]\n",
    "    y1f = lstpts[0][1][1]\n",
    "    y2f = lstpts[1][1][1]\n",
    "    y3f = lstpts[2][1][1]\n",
    "    y4f = lstpts[3][1][1]\n",
    "    ans = np.array([0, 0, 0, 0, 0, 0, 0, 0, 1])\n",
    "    q = np.array([\n",
    "        [-1*x1, -y1, -1, 0, 0, 0, x1*x1f, y1*x1f, x1f],\n",
    "        [0, 0, 0, -1*x1, -1*y1, -1, x1*y1f, y1*y1f, y1f],\n",
    "        [-1*x2, -y2, -1, 0, 0, 0, x2*x2f, y2*x2f, x2f],\n",
    "        [0, 0, 0, -1*x2, -1*y2, -1, x2*y2f, y2*y2f, y2f],\n",
    "        [-1*x3, -y3, -1, 0, 0, 0, x3*x3f, y3*x3f, x3f],\n",
    "        [0, 0, 0, -1*x3, -1*y3, -1, x3*y3f, y3*y3f, y3f],\n",
    "        [-1*x4, -y4, -1, 0, 0, 0, x4*x4f, y4*x4f, x4f],\n",
    "        [0, 0, 0, -1*x4, -1*y4, -1, x4*y4f, y4*y4f, y4f],\n",
    "        [0, 0, 0, 0, 0, 0, 0, 0, 1]\n",
    "    ])\n",
    "    H = list(np.linalg.solve(q,ans))\n",
    "    H = np.array([H[:3], H[3:6], H[6:9]])\n",
    "    return H\n",
    "\n",
    "def draw_point(image, point, color):\n",
    "    if color == \"green\":\n",
    "        cv2.circle(image, point, 10, (0, 255, 0), thickness=3, lineType=8)\n",
    "    elif color == \"red\":\n",
    "        cv2.circle(image, point, 8, (0, 0, 255), thickness=3, lineType=8)\n",
    "        \n",
    "def create_output(vertices, colors, filename): # taken from github\n",
    "    colors = colors.reshape(-1,3)\n",
    "    vertices = np.hstack([vertices.reshape(-1,3),colors])\n",
    "\n",
    "    ply_header = '''ply\n",
    "        format ascii 1.0\n",
    "        element vertex %(vert_num)d\n",
    "        property float x\n",
    "        property float y\n",
    "        property float z\n",
    "        property uchar red\n",
    "        property uchar green\n",
    "        property uchar blue\n",
    "        end_header\n",
    "        '''\n",
    "    with open(filename, 'w') as f:\n",
    "        f.write(ply_header %dict(vert_num=len(vertices)))\n",
    "        np.savetxt(f,vertices,'%f %f %f %d %d %d')"
   ]
  },
  {
   "cell_type": "code",
   "execution_count": 5,
   "metadata": {},
   "outputs": [
    {
     "name": "stdout",
     "output_type": "stream",
     "text": [
      "['0000000460.png']\n"
     ]
    }
   ],
   "source": [
    "lst = os.listdir('./data/img2')\n",
    "# imgs = ['0000000460.png', '0000000461.png']\n",
    "# iml = cv2.imread('./img2/0000000460.png')\n",
    "# imr = cv2.imread('./img3/0000000460.png')\n",
    "imgs = sorted(lst)[:1]\n",
    "print(imgs)"
   ]
  },
  {
   "cell_type": "code",
   "execution_count": 6,
   "metadata": {},
   "outputs": [
    {
     "data": {
      "text/plain": [
       "21"
      ]
     },
     "execution_count": 6,
     "metadata": {},
     "output_type": "execute_result"
    }
   ],
   "source": [
    "pose = np.array([\n",
    "    np.array([[-9.098548e-01,5.445376e-02,-4.113381e-01,-1.872835e+02],[4.117828e-02,9.983072e-01,4.107410e-02,1.870218e+00],[4.128785e-01,2.043327e-02,-9.105569e-01,5.417085e+01]]),\n",
    "    np.array([[-9.283201e-01,4.509830e-02,-3.690366e-01,-1.874227e+02],[3.357747e-02,9.987291e-01,3.758534e-02,1.883289e+00],[3.702626e-01,2.249990e-02,-9.286546e-01,5.369416e+01]]),\n",
    "    np.array([[-9.452512e-01,3.706129e-02,-3.242324e-01,-1.875256e+02],[2.776133e-02,9.990610e-01,3.326342e-02,1.887417e+00],[3.251607e-01,2.244117e-02,-9.453925e-01,5.321309e+01]]),\n",
    "    np.array([[-9.602059e-01,3.410654e-02,-2.772028e-01,-1.876307e+02],[2.674480e-02,9.991831e-01,3.029615e-02,1.893359e+00],[2.780097e-01,2.167680e-02,-9.603337e-01,5.273710e+01]]),\n",
    "    np.array([[-9.729422e-01,3.276894e-02,-2.287129e-01,-1.876915e+02],[2.667847e-02,9.992036e-01,2.967147e-02,1.900316e+00],[2.295031e-01,2.276691e-02,-9.730416e-01,5.225276e+01]]),\n",
    "    np.array([[-9.831529e-01,3.240420e-02,-1.798899e-01,-1.877485e+02],[2.738709e-02,9.991654e-01,3.030454e-02,1.901338e+00],[1.807218e-01,2.486734e-02,-9.832198e-01,5.177232e+01]]),\n",
    "    np.array([[-9.911510e-01,2.523874e-02,-1.303180e-01,-1.877723e+02],[2.111370e-02,9.992343e-01,3.293915e-02,1.900778e+00],[1.310496e-01,2.989617e-02,-9.909249e-01,5.129098e+01]]),\n",
    "    np.array([[-9.966637e-01,1.446740e-02,-8.032513e-02,-1.877414e+02],[1.146235e-02,9.992216e-01,3.774707e-02,1.901606e+00],[8.080871e-02,3.670042e-02,-9.960537e-01,5.080341e+01]]),\n",
    "    np.array([[-9.995040e-01,1.006074e-02,-2.984320e-02,-1.877165e+02],[8.815319e-03,9.990965e-01,4.157437e-02,1.903912e+00],[3.023451e-02,4.129067e-02,-9.986896e-01,5.033042e+01]]),\n",
    "    np.array([[-9.996705e-01,1.307490e-02,2.209183e-02,-1.876828e+02],[1.395603e-02,9.990937e-01,4.021250e-02,1.909578e+00],[-2.154603e-02,4.050756e-02,-9.989469e-01,4.986716e+01]]),\n",
    "    np.array([[-9.970705e-01,2.051987e-02,7.368440e-02,-1.876045e+02],[2.335961e-02,9.990090e-01,3.788635e-02,1.913879e+00],[-7.283396e-02,3.949659e-02,-9.965617e-01,4.940375e+01]]),\n",
    "    np.array([[-9.919546e-01,2.316199e-02,1.244574e-01,-1.875198e+02],[2.767742e-02,9.990153e-01,3.467489e-02,1.916071e+00],[-1.235318e-01,3.784057e-02,-9.916189e-01,4.895472e+01]]),\n",
    "    np.array([[-9.843986e-01,2.362611e-02,1.743596e-01,-1.873856e+02],[2.975169e-02,9.990255e-01,3.260177e-02,1.916040e+00],[-1.734194e-01,3.728062e-02,-9.841422e-01,4.850872e+01]]),\n",
    "    np.array([[-9.745046e-01,2.207656e-02,2.232787e-01,-1.872454e+02],[2.939030e-02,9.991330e-01,2.948581e-02,1.919502e+00],[-2.224342e-01,3.529628e-02,-9.743086e-01,4.808322e+01]]),\n",
    "    np.array([[-9.620042e-01,2.331542e-02,2.720374e-01,-1.870919e+02],[3.162970e-02,9.991557e-01,2.621754e-02,1.921924e+00],[-2.711965e-01,3.382584e-02,-9.619295e-01,4.766758e+01]]),\n",
    "    np.array([[-9.466844e-01,2.747540e-02,3.209888e-01,-1.869050e+02],[3.735473e-02,9.989978e-01,2.465901e-02,1.925132e+00],[-3.199896e-01,3.533474e-02,-9.467619e-01,4.724980e+01]]),\n",
    "    np.array([[-9.303521e-01,3.021656e-02,3.654203e-01,-1.867142e+02],[4.116827e-02,9.989052e-01,2.221412e-02,1.922721e+00],[-3.643491e-01,3.571067e-02,-9.305775e-01,4.684089e+01]]),\n",
    "    np.array([[-9.132370e-01,2.475193e-02,4.066762e-01,-1.864782e+02],[3.739334e-02,9.990320e-01,2.316585e-02,1.917552e+00],[-4.057092e-01,3.636289e-02,-9.132786e-01,4.643056e+01]]),\n",
    "    np.array([[-8.953418e-01,1.994046e-02,4.449332e-01,-1.862433e+02],[3.564541e-02,9.990008e-01,2.695748e-02,1.910636e+00],[-4.439511e-01,3.999598e-02,-8.951580e-01,4.602498e+01]]),\n",
    "    np.array([[-8.776813e-01,1.983338e-02,4.788341e-01,-1.859999e+02],[3.901401e-02,9.987839e-01,3.014110e-02,1.906858e+00],[-4.776541e-01,4.513551e-02,-8.773878e-01,4.562057e+01]]),\n",
    "    np.array([[-8.608718e-01,2.164481e-02,5.083614e-01,-1.857437e+02],[4.407236e-02,9.985119e-01,3.211896e-02,1.904895e+00],[-5.069097e-01,5.005498e-02,-8.605447e-01,4.521752e+01]])\n",
    "])\n",
    "len(pose)"
   ]
  },
  {
   "cell_type": "code",
   "execution_count": 12,
   "metadata": {},
   "outputs": [
    {
     "name": "stdout",
     "output_type": "stream",
     "text": [
      "(370, 1226, 3)\n",
      "(370, 1226, 3)\n",
      "Length of output Points: 304696 count: 0\n",
      "(304696, 3) (304696, 3)\n"
     ]
    }
   ],
   "source": [
    "def make_new_pt(pt_3d, C):\n",
    "    P = np.array([\n",
    "        [C[0][0], C[0][1], C[0][2], C[0][3]],\n",
    "        [C[1][0], C[1][1], C[1][2], C[1][3]],\n",
    "        [C[2][0], C[2][1], C[2][2], C[2][3]],\n",
    "    ])\n",
    "    pt = np.mat([pt_3d[0], pt_3d[1], pt_3d[2], 1]).T\n",
    "    mat = np.matmul(P, pt)\n",
    "    return mat\n",
    "\n",
    "combination = []\n",
    "A0 = np.vstack([pose[0], np.array([0, 0, 0, 1])])\n",
    "combination.append(A0)\n",
    "for c in range(1, len(pose)):\n",
    "    A = np.vstack([pose[c], np.array([0, 0, 0, 1])])\n",
    "    combination.append(A)\n",
    "\n",
    "final_output = []\n",
    "final_color = []\n",
    "output_colors = []\n",
    "output_points = []\n",
    "Height = 0\n",
    "Width = 0\n",
    "def main():\n",
    "    global final_output, final_color, output_colors, output_points\n",
    "    focal_length = 7.070912e+02\n",
    "    k = np.float32([[7.070912e+02, 0.000000e+00, 6.018873e+02], \n",
    "         [0.000000e+00, 7.070912e+02, 1.831104e+02], \n",
    "         [0.000000e+00, 0.000000e+00, 1.000000e+00]])\n",
    "    baseline = 0.53790448812\n",
    "\n",
    "    for count, img in enumerate(imgs):\n",
    "        iml = cv2.imread('./data/img2/' + img)\n",
    "        imr = cv2.imread('./data/img3/' + img)\n",
    "        window_size = 3\n",
    "        min_disp = 16\n",
    "        num_disp = 112-min_disp\n",
    "        stereo = cv2.StereoSGBM_create(minDisparity = min_disp,\n",
    "           numDisparities = num_disp+(2) * 16,\n",
    "           blockSize = 5,\n",
    "           P1 = 8*3*window_size**2,\n",
    "           P2 = 32*3*window_size**2,\n",
    "           disp12MaxDiff = 1,\n",
    "           uniquenessRatio = 12,\n",
    "           speckleWindowSize = 400,\n",
    "           speckleRange = 5\n",
    "       )\n",
    "        disparity_map = stereo.compute(iml, imr).astype(np.float32) / 16.0\n",
    "        h, w = iml.shape[:2]\n",
    "        Height = h\n",
    "        Width = w\n",
    "        Q = np.float32([[1, 0, 0, -0.5*w],\n",
    "                        [0,-1, 0,  0.5*h], \n",
    "                        [0, 0, 0, -focal_length], \n",
    "                        [0, 0, 1/baseline,  0]])\n",
    "        points = cv2.reprojectImageTo3D(disparity_map, Q)\n",
    "        colors = cv2.cvtColor(iml, cv2.COLOR_BGR2RGB)\n",
    "        \n",
    "# Hand coding reprojectImageto3D....didn't give us very good results\n",
    "# Overwriting colors and points in this process with own implementation\n",
    "# \n",
    "# \n",
    "#         for i in range(len(iml)):\n",
    "#             for j in range(len(iml[i])):\n",
    "#                 colors[i][j] = iml[i][j]\n",
    "#                 pt_temp = Q @ np.array([i, j, disparity_map[i][j], 1]).T\n",
    "#                 W = pt_temp[3]\n",
    "#                 to_ap = [pt_temp[0]/W, pt_temp[1]/W, pt_temp[2]/W]\n",
    "#                 points[i][j] = to_ap\n",
    "\n",
    "        print(points.shape)\n",
    "        print(colors.shape)\n",
    "        mask = disparity_map > disparity_map.min()\n",
    "        output_points = points[mask]\n",
    "        output_colors = colors[mask]\n",
    "        for i,pt in enumerate(output_points):\n",
    "            final_output.append(np.array(make_new_pt(pt, combination[count]).T).astype('float32')[0])\n",
    "            final_color.append(output_colors[i])\n",
    "        print(\"Length of output Points:\", len(output_points), \"count:\", count)\n",
    "    final_output = np.array(final_output)\n",
    "    final_color = np.array(final_color)\n",
    "    print(final_output.shape, final_color.shape)\n",
    "    create_output(final_output, final_color, 'jnrecon_mult.ply')\n",
    "main()"
   ]
  },
  {
   "cell_type": "code",
   "execution_count": 15,
   "metadata": {},
   "outputs": [],
   "source": [
    "# p3p part\n",
    "#d = (f - Z' * b ) / ( Z' * a)\n",
    "\n",
    "#Ix = X' * ( d * a + b ) + Cx\n",
    "\n",
    "#Iy = Y' * ( d * a + b ) + Cy\n",
    "Height = 370\n",
    "Width = 1226\n",
    "def find_impts(X, Y, Z):\n",
    "    f = 7.070912e+02\n",
    "    baseline = 0.53790448812\n",
    "    a = -1/baseline\n",
    "    b = 0\n",
    "    d = (f - Z * b) / (Z * a)\n",
    "    Ix = X * (d*a + b) + 0.5*Width\n",
    "    Iy = Y * (d*a + b) + 0.5*Height\n",
    "    return (int(Iy), int(Ix))"
   ]
  },
  {
   "cell_type": "code",
   "execution_count": 17,
   "metadata": {},
   "outputs": [],
   "source": [
    "inv_c = []\n",
    "hold_pts = []\n",
    "for c in combination:\n",
    "    inv_c.append(np.linalg.inv(c))\n",
    "for i, pt in enumerate(final_output):\n",
    "    pose_num = int(i/304696)\n",
    "    temp_pt = np.array([pt[0], pt[1], pt[2], 1]).T\n",
    "    out_pt = np.matmul(inv_c[pose_num], temp_pt)\n",
    "    hold_pts.append(find_impts(out_pt[0], out_pt[1], out_pt[2]))"
   ]
  },
  {
   "cell_type": "code",
   "execution_count": null,
   "metadata": {},
   "outputs": [],
   "source": []
  }
 ],
 "metadata": {
  "kernelspec": {
   "display_name": "Python 3",
   "language": "python",
   "name": "python3"
  },
  "language_info": {
   "codemirror_mode": {
    "name": "ipython",
    "version": 3
   },
   "file_extension": ".py",
   "mimetype": "text/x-python",
   "name": "python",
   "nbconvert_exporter": "python",
   "pygments_lexer": "ipython3",
   "version": "3.7.3"
  }
 },
 "nbformat": 4,
 "nbformat_minor": 2
}
